10.0, {'A0': 0, 'A1': 0, 'A2': 0, 'A3': 0, 'B0': 0, 'B1': 0, 'B2': 0, 'B3': 0, 'C0': 0, 'C1': 0, 'C2': 0, 'C3': 0, 'D0': 0, 'D1': 0, 'D2': 0, 'D3': 0}, {'A0': 0, 'A1': 0, 'A2': 0, 'A3': 0, 'B0': 0, 'B1': 0, 'B2': 0, 'B3': 0, 'C0': 0, 'C1': 0, 'C2': 0, 'C3': 0, 'D0': 0, 'D1': 0, 'D2': 0, 'D3': 0}, {'A0': 0, 'A1': 0, 'A2': 0, 'A3': 0, 'B0': 0, 'B1': 0, 'B2': 0, 'B3': 0, 'C0': 0, 'C1': 0, 'C2': 0, 'C3': 0, 'D0': 0, 'D1': 0, 'D2': 0, 'D3': 0}, 
20.0, {'A0': 0, 'A1': 0, 'A2': 0, 'A3': 0, 'B0': 0, 'B1': 0, 'B2': 0, 'B3': 0, 'C0': 0, 'C1': 0, 'C2': 0, 'C3': 0, 'D0': 0, 'D1': 0, 'D2': 0, 'D3': 0}, {'A0': 0, 'A1': 0, 'A2': 0, 'A3': 0, 'B0': 0, 'B1': 0, 'B2': 0, 'B3': 0, 'C0': 0, 'C1': 0, 'C2': 0, 'C3': 0, 'D0': 0, 'D1': 0, 'D2': 0, 'D3': 0}, {'A0': 0, 'A1': 0, 'A2': 0, 'A3': 0, 'B0': 0, 'B1': 0, 'B2': 0, 'B3': 0, 'C0': 0, 'C1': 0, 'C2': 0, 'C3': 0, 'D0': 0, 'D1': 0, 'D2': 0, 'D3': 0}, 
30.0, {'A0': 0, 'A1': 0, 'A2': 0, 'A3': 0, 'B0': 0, 'B1': 0, 'B2': 0, 'B3': 0, 'C0': 0, 'C1': 0, 'C2': 0, 'C3': 0, 'D0': 0, 'D1': 0, 'D2': 0, 'D3': 0}, {'A0': 0, 'A1': 0, 'A2': 0, 'A3': 0, 'B0': 0, 'B1': 0, 'B2': 0, 'B3': 0, 'C0': 0, 'C1': 0, 'C2': 0, 'C3': 0, 'D0': 0, 'D1': 0, 'D2': 0, 'D3': 0}, {'A0': 0, 'A1': 0, 'A2': 0, 'A3': 0, 'B0': 0, 'B1': 0, 'B2': 0, 'B3': 0, 'C0': 0, 'C1': 0, 'C2': 0, 'C3': 0, 'D0': 0, 'D1': 0, 'D2': 0, 'D3': 0}, 
40.0, {'A0': 0, 'A1': 0, 'A2': 0, 'A3': 0, 'B0': 0, 'B1': 0, 'B2': 0, 'B3': 0, 'C0': 0, 'C1': 0, 'C2': 0, 'C3': 0, 'D0': 0, 'D1': 0, 'D2': 0, 'D3': 0}, {'A0': 0, 'A1': 0, 'A2': 0, 'A3': 0, 'B0': 0, 'B1': 0, 'B2': 0, 'B3': 0, 'C0': 0, 'C1': 0, 'C2': 0, 'C3': 0, 'D0': 0, 'D1': 0, 'D2': 0, 'D3': 0}, {'A0': 0, 'A1': 0, 'A2': 0, 'A3': 0, 'B0': 0, 'B1': 0, 'B2': 0, 'B3': 0, 'C0': 0, 'C1': 0, 'C2': 0, 'C3': 0, 'D0': 0, 'D1': 0, 'D2': 0, 'D3': 0}, 
50.0, {'A0': 0, 'A1': -3.0, 'A2': 0, 'A3': 0, 'B0': 0, 'B1': 0, 'B2': 0, 'B3': 0, 'C0': -3.0, 'C1': 0, 'C2': 0, 'C3': 0, 'D0': 0, 'D1': 0, 'D2': 0, 'D3': 0}, {'A0': 0, 'A1': 1, 'A2': 0, 'A3': 0, 'B0': 0, 'B1': 0, 'B2': 0, 'B3': 0, 'C0': 1, 'C1': 0, 'C2': 0, 'C3': 0, 'D0': 0, 'D1': 0, 'D2': 0, 'D3': 0}, {'A0': 0, 'A1': 2, 'A2': 0, 'A3': 0, 'B0': 0, 'B1': 0, 'B2': 0, 'B3': 0, 'C0': 1, 'C1': 0, 'C2': 0, 'C3': 0, 'D0': 0, 'D1': 0, 'D2': 0, 'D3': 0}, 
60.0, {'A0': 0, 'A1': 0, 'A2': 0, 'A3': 0, 'B0': 0, 'B1': 0, 'B2': 0, 'B3': 0, 'C0': 0, 'C1': 0, 'C2': 0, 'C3': -4.0, 'D0': -6.0, 'D1': 0, 'D2': 0, 'D3': 0}, {'A0': 0, 'A1': 0, 'A2': 0, 'A3': 0, 'B0': 0, 'B1': 0, 'B2': 0, 'B3': 0, 'C0': 0, 'C1': 0, 'C2': 0, 'C3': 1, 'D0': 1, 'D1': 0, 'D2': 0, 'D3': 0}, {'A0': 0, 'A1': 0, 'A2': 0, 'A3': 0, 'B0': 0, 'B1': 0, 'B2': 0, 'B3': 0, 'C0': 0, 'C1': 0, 'C2': 0, 'C3': 1, 'D0': 1, 'D1': 0, 'D2': 0, 'D3': 0}, 
70.0, {'A0': 0, 'A1': 0, 'A2': 0, 'A3': 0, 'B0': 0, 'B1': 0, 'B2': 0, 'B3': 0, 'C0': 0, 'C1': 0, 'C2': 0, 'C3': 0, 'D0': 0, 'D1': 0, 'D2': 0, 'D3': -10.0}, {'A0': 0, 'A1': 0, 'A2': 0, 'A3': 0, 'B0': 0, 'B1': 0, 'B2': 0, 'B3': 0, 'C0': 0, 'C1': 0, 'C2': 0, 'C3': 0, 'D0': 0, 'D1': 0, 'D2': 0, 'D3': 1}, {'A0': 0, 'A1': 0, 'A2': 0, 'A3': 0, 'B0': 0, 'B1': 0, 'B2': 0, 'B3': 0, 'C0': 0, 'C1': 0, 'C2': 0, 'C3': 0, 'D0': 0, 'D1': 0, 'D2': 0, 'D3': 1}, 
80.0, {'A0': 0, 'A1': 0, 'A2': 0, 'A3': 0, 'B0': -2.0, 'B1': -2.0, 'B2': 0, 'B3': 0, 'C0': 0, 'C1': 0, 'C2': 0, 'C3': 0, 'D0': 0, 'D1': 0, 'D2': 0, 'D3': 0}, {'A0': 0, 'A1': 0, 'A2': 0, 'A3': 0, 'B0': 1, 'B1': 1, 'B2': 0, 'B3': 0, 'C0': 0, 'C1': 0, 'C2': 0, 'C3': 0, 'D0': 0, 'D1': 0, 'D2': 0, 'D3': 0}, {'A0': 0, 'A1': 0, 'A2': 0, 'A3': 0, 'B0': 1, 'B1': 1, 'B2': 0, 'B3': 0, 'C0': 0, 'C1': 0, 'C2': 0, 'C3': 0, 'D0': 0, 'D1': 0, 'D2': 0, 'D3': 0}, 
90.0, {'A0': -6.0, 'A1': 0, 'A2': -8.0, 'A3': 0, 'B0': 0, 'B1': 0, 'B2': 0, 'B3': 0, 'C0': 0, 'C1': 0, 'C2': 0, 'C3': 0, 'D0': 0, 'D1': -1.0, 'D2': 0, 'D3': 0}, {'A0': 1, 'A1': 0, 'A2': 1, 'A3': 0, 'B0': 0, 'B1': 0, 'B2': 0, 'B3': 0, 'C0': 0, 'C1': 0, 'C2': 0, 'C3': 0, 'D0': 0, 'D1': 1, 'D2': 0, 'D3': 0}, {'A0': 1, 'A1': 0, 'A2': 1, 'A3': 0, 'B0': 0, 'B1': 0, 'B2': 0, 'B3': 0, 'C0': 0, 'C1': 0, 'C2': 0, 'C3': 0, 'D0': 0, 'D1': 1, 'D2': 0, 'D3': 0}, 
100.0, {'A0': 0, 'A1': 0, 'A2': 0, 'A3': 0, 'B0': 0, 'B1': 0, 'B2': 0, 'B3': -10.0, 'C0': -8.0, 'C1': 0, 'C2': 0, 'C3': -1.0, 'D0': 0, 'D1': 0, 'D2': 0, 'D3': 0}, {'A0': 0, 'A1': 0, 'A2': 0, 'A3': 0, 'B0': 0, 'B1': 0, 'B2': 0, 'B3': 1, 'C0': 2, 'C1': 0, 'C2': 0, 'C3': 1, 'D0': 0, 'D1': 0, 'D2': 0, 'D3': 0}, {'A0': 0, 'A1': 0, 'A2': 0, 'A3': 0, 'B0': 0, 'B1': 0, 'B2': 0, 'B3': 1, 'C0': 2, 'C1': 0, 'C2': 0, 'C3': 1, 'D0': 0, 'D1': 0, 'D2': 0, 'D3': 0}, 
110.0, {'A0': -2.0, 'A1': 0, 'A2': 0, 'A3': 0, 'B0': -8.0, 'B1': 0, 'B2': 0, 'B3': 0, 'C0': 0, 'C1': 0, 'C2': 0, 'C3': 0, 'D0': 0, 'D1': -8.0, 'D2': 0, 'D3': 0}, {'A0': 1, 'A1': 0, 'A2': 0, 'A3': 0, 'B0': 1, 'B1': 0, 'B2': 0, 'B3': 0, 'C0': 0, 'C1': 0, 'C2': 0, 'C3': 0, 'D0': 0, 'D1': 1, 'D2': 0, 'D3': 0}, {'A0': 1, 'A1': 0, 'A2': 0, 'A3': 0, 'B0': 1, 'B1': 0, 'B2': 0, 'B3': 0, 'C0': 0, 'C1': 0, 'C2': 0, 'C3': 0, 'D0': 0, 'D1': 1, 'D2': 0, 'D3': 0}, 
120.0, {'A0': 0, 'A1': 0, 'A2': 0, 'A3': -10.0, 'B0': 0, 'B1': 0, 'B2': 0, 'B3': 0, 'C0': 0, 'C1': 0, 'C2': 0, 'C3': 0, 'D0': 0, 'D1': 0, 'D2': 0, 'D3': -8.0}, {'A0': 0, 'A1': 0, 'A2': 0, 'A3': 1, 'B0': 0, 'B1': 0, 'B2': 0, 'B3': 0, 'C0': 0, 'C1': 0, 'C2': 0, 'C3': 0, 'D0': 0, 'D1': 0, 'D2': 0, 'D3': 1}, {'A0': 0, 'A1': 0, 'A2': 0, 'A3': 1, 'B0': 0, 'B1': 0, 'B2': 0, 'B3': 0, 'C0': 0, 'C1': 0, 'C2': 0, 'C3': 0, 'D0': 0, 'D1': 0, 'D2': 0, 'D3': 1}, 
130.0, {'A0': 0, 'A1': -3.0, 'A2': 0, 'A3': -10.0, 'B0': 0, 'B1': 0, 'B2': 0, 'B3': 0, 'C0': 0, 'C1': 0, 'C2': 0, 'C3': 0, 'D0': 0, 'D1': 0, 'D2': 0, 'D3': -1.0}, {'A0': 0, 'A1': 1, 'A2': 0, 'A3': 1, 'B0': 0, 'B1': 0, 'B2': 0, 'B3': 0, 'C0': 0, 'C1': 0, 'C2': 0, 'C3': 0, 'D0': 0, 'D1': 0, 'D2': 0, 'D3': 1}, {'A0': 0, 'A1': 1, 'A2': 0, 'A3': 1, 'B0': 0, 'B1': 0, 'B2': 0, 'B3': 0, 'C0': 0, 'C1': 0, 'C2': 0, 'C3': 0, 'D0': 0, 'D1': 0, 'D2': 0, 'D3': 1}, 
140.0, {'A0': -6.0, 'A1': 0, 'A2': 0, 'A3': -6.0, 'B0': -21.0, 'B1': 0, 'B2': 0, 'B3': 0, 'C0': 0, 'C1': 0, 'C2': 0, 'C3': -7.0, 'D0': 0, 'D1': 0, 'D2': 0, 'D3': 0}, {'A0': 1, 'A1': 0, 'A2': 0, 'A3': 1, 'B0': 1, 'B1': 0, 'B2': 0, 'B3': 0, 'C0': 0, 'C1': 0, 'C2': 0, 'C3': 1, 'D0': 0, 'D1': 0, 'D2': 0, 'D3': 0}, {'A0': 1, 'A1': 0, 'A2': 0, 'A3': 1, 'B0': 3, 'B1': 0, 'B2': 0, 'B3': 0, 'C0': 0, 'C1': 0, 'C2': 0, 'C3': 1, 'D0': 0, 'D1': 0, 'D2': 0, 'D3': 0}, 
150.0, {'A0': -16.0, 'A1': 0, 'A2': 0, 'A3': 0, 'B0': -18.0, 'B1': 0, 'B2': 0, 'B3': 0, 'C0': -2.0, 'C1': -8.0, 'C2': 0, 'C3': 0, 'D0': 0, 'D1': 0, 'D2': 0, 'D3': 0}, {'A0': 1, 'A1': 0, 'A2': 0, 'A3': 0, 'B0': 1, 'B1': 0, 'B2': 0, 'B3': 0, 'C0': 1, 'C1': 1, 'C2': 0, 'C3': 0, 'D0': 0, 'D1': 0, 'D2': 0, 'D3': 0}, {'A0': 1, 'A1': 0, 'A2': 0, 'A3': 0, 'B0': 1, 'B1': 0, 'B2': 0, 'B3': 0, 'C0': 1, 'C1': 1, 'C2': 0, 'C3': 0, 'D0': 0, 'D1': 0, 'D2': 0, 'D3': 0}, 
160.0, {'A0': -2.0, 'A1': 0, 'A2': 0, 'A3': 0, 'B0': 0, 'B1': -1.0, 'B2': 0, 'B3': 0, 'C0': 0, 'C1': 0, 'C2': 0, 'C3': -18.0, 'D0': 0, 'D1': 0, 'D2': 0, 'D3': 0}, {'A0': 1, 'A1': 0, 'A2': 0, 'A3': 0, 'B0': 0, 'B1': 1, 'B2': 0, 'B3': 0, 'C0': 0, 'C1': 0, 'C2': 0, 'C3': 1, 'D0': 0, 'D1': 0, 'D2': 0, 'D3': 0}, {'A0': 1, 'A1': 0, 'A2': 0, 'A3': 0, 'B0': 0, 'B1': 1, 'B2': 0, 'B3': 0, 'C0': 0, 'C1': 0, 'C2': 0, 'C3': 2, 'D0': 0, 'D1': 0, 'D2': 0, 'D3': 0}, 
170.0, {'A0': 0, 'A1': 0, 'A2': -6.0, 'A3': 0, 'B0': 0, 'B1': 0, 'B2': -9.0, 'B3': 0, 'C0': 0, 'C1': 0, 'C2': 0, 'C3': -20.0, 'D0': 0, 'D1': 0, 'D2': 0, 'D3': 0}, {'A0': 0, 'A1': 0, 'A2': 1, 'A3': 0, 'B0': 0, 'B1': 0, 'B2': 1, 'B3': 0, 'C0': 0, 'C1': 0, 'C2': 0, 'C3': 1, 'D0': 0, 'D1': 0, 'D2': 0, 'D3': 0}, {'A0': 0, 'A1': 0, 'A2': 1, 'A3': 0, 'B0': 0, 'B1': 0, 'B2': 1, 'B3': 0, 'C0': 0, 'C1': 0, 'C2': 0, 'C3': 2, 'D0': 0, 'D1': 0, 'D2': 0, 'D3': 0}, 
180.0, {'A0': 0, 'A1': 0, 'A2': -16.0, 'A3': 0, 'B0': 0, 'B1': 0, 'B2': 0, 'B3': -10.0, 'C0': 0, 'C1': 0, 'C2': 0, 'C3': -28.0, 'D0': 0, 'D1': 0, 'D2': 0, 'D3': -9.0}, {'A0': 0, 'A1': 0, 'A2': 1, 'A3': 0, 'B0': 0, 'B1': 0, 'B2': 0, 'B3': 1, 'C0': 0, 'C1': 0, 'C2': 0, 'C3': 1, 'D0': 0, 'D1': 0, 'D2': 0, 'D3': 1}, {'A0': 0, 'A1': 0, 'A2': 1, 'A3': 0, 'B0': 0, 'B1': 0, 'B2': 0, 'B3': 1, 'C0': 0, 'C1': 0, 'C2': 0, 'C3': 1, 'D0': 0, 'D1': 0, 'D2': 0, 'D3': 1}, 
190.0, {'A0': -9.0, 'A1': 0, 'A2': 0, 'A3': 0, 'B0': -4.0, 'B1': 0, 'B2': 0, 'B3': 0, 'C0': 0, 'C1': -1.0, 'C2': 0, 'C3': 0, 'D0': 0, 'D1': 0, 'D2': -1.0, 'D3': -1.0}, {'A0': 1, 'A1': 0, 'A2': 0, 'A3': 0, 'B0': 1, 'B1': 0, 'B2': 0, 'B3': 0, 'C0': 0, 'C1': 1, 'C2': 0, 'C3': 0, 'D0': 0, 'D1': 0, 'D2': 1, 'D3': 1}, {'A0': 1, 'A1': 0, 'A2': 0, 'A3': 0, 'B0': 1, 'B1': 0, 'B2': 0, 'B3': 0, 'C0': 0, 'C1': 1, 'C2': 0, 'C3': 0, 'D0': 0, 'D1': 0, 'D2': 1, 'D3': 1}, 
200.0, {'A0': 0, 'A1': -10.0, 'A2': 0, 'A3': 0, 'B0': 0, 'B1': 0, 'B2': 0, 'B3': 0, 'C0': 0, 'C1': 0, 'C2': 0, 'C3': 0, 'D0': 0, 'D1': 0, 'D2': 0, 'D3': 0}, {'A0': 0, 'A1': 1, 'A2': 0, 'A3': 0, 'B0': 0, 'B1': 0, 'B2': 0, 'B3': 0, 'C0': 0, 'C1': 0, 'C2': 0, 'C3': 0, 'D0': 0, 'D1': 0, 'D2': 0, 'D3': 0}, {'A0': 0, 'A1': 1, 'A2': 0, 'A3': 0, 'B0': 0, 'B1': 0, 'B2': 0, 'B3': 0, 'C0': 0, 'C1': 0, 'C2': 0, 'C3': 0, 'D0': 0, 'D1': 0, 'D2': 0, 'D3': 0}, 
210.0, {'A0': 0, 'A1': 0, 'A2': 0, 'A3': 0, 'B0': 0, 'B1': 0, 'B2': 0, 'B3': 0, 'C0': 0, 'C1': 0, 'C2': -6.0, 'C3': -5.0, 'D0': 0, 'D1': 0, 'D2': 0, 'D3': 0}, {'A0': 0, 'A1': 0, 'A2': 0, 'A3': 0, 'B0': 0, 'B1': 0, 'B2': 0, 'B3': 0, 'C0': 0, 'C1': 0, 'C2': 1, 'C3': 1, 'D0': 0, 'D1': 0, 'D2': 0, 'D3': 0}, {'A0': 0, 'A1': 0, 'A2': 0, 'A3': 0, 'B0': 0, 'B1': 0, 'B2': 0, 'B3': 0, 'C0': 0, 'C1': 0, 'C2': 1, 'C3': 1, 'D0': 0, 'D1': 0, 'D2': 0, 'D3': 0}, 
220.0, {'A0': 0, 'A1': 0, 'A2': 0, 'A3': 0, 'B0': 0, 'B1': 0, 'B2': 0, 'B3': 0, 'C0': 0, 'C1': -1.0, 'C2': 0, 'C3': 0, 'D0': 0, 'D1': -2.0, 'D2': 0, 'D3': 0}, {'A0': 0, 'A1': 0, 'A2': 0, 'A3': 0, 'B0': 0, 'B1': 0, 'B2': 0, 'B3': 0, 'C0': 0, 'C1': 1, 'C2': 0, 'C3': 0, 'D0': 0, 'D1': 1, 'D2': 0, 'D3': 0}, {'A0': 0, 'A1': 0, 'A2': 0, 'A3': 0, 'B0': 0, 'B1': 0, 'B2': 0, 'B3': 0, 'C0': 0, 'C1': 1, 'C2': 0, 'C3': 0, 'D0': 0, 'D1': 1, 'D2': 0, 'D3': 0}, 
230.0, {'A0': 0, 'A1': 0, 'A2': 0, 'A3': -6.0, 'B0': 0, 'B1': 0, 'B2': 0, 'B3': 0, 'C0': 0, 'C1': 0, 'C2': 0, 'C3': 0, 'D0': 0, 'D1': 0, 'D2': 0, 'D3': 0}, {'A0': 0, 'A1': 0, 'A2': 0, 'A3': 1, 'B0': 0, 'B1': 0, 'B2': 0, 'B3': 0, 'C0': 0, 'C1': 0, 'C2': 0, 'C3': 0, 'D0': 0, 'D1': 0, 'D2': 0, 'D3': 0}, {'A0': 0, 'A1': 0, 'A2': 0, 'A3': 1, 'B0': 0, 'B1': 0, 'B2': 0, 'B3': 0, 'C0': 0, 'C1': 0, 'C2': 0, 'C3': 0, 'D0': 0, 'D1': 0, 'D2': 0, 'D3': 0}, 
240.0, {'A0': 0, 'A1': 0, 'A2': 0, 'A3': -2.0, 'B0': 0, 'B1': -8.0, 'B2': -2.0, 'B3': 0, 'C0': 0, 'C1': 0, 'C2': -7.0, 'C3': 0, 'D0': 0, 'D1': 0, 'D2': 0, 'D3': 0}, {'A0': 0, 'A1': 0, 'A2': 0, 'A3': 1, 'B0': 0, 'B1': 1, 'B2': 1, 'B3': 0, 'C0': 0, 'C1': 0, 'C2': 1, 'C3': 0, 'D0': 0, 'D1': 0, 'D2': 0, 'D3': 0}, {'A0': 0, 'A1': 0, 'A2': 0, 'A3': 1, 'B0': 0, 'B1': 1, 'B2': 1, 'B3': 0, 'C0': 0, 'C1': 0, 'C2': 1, 'C3': 0, 'D0': 0, 'D1': 0, 'D2': 0, 'D3': 0}, 
250.0, {'A0': 0, 'A1': 0, 'A2': 0, 'A3': 0, 'B0': 0, 'B1': 0, 'B2': 0, 'B3': 0, 'C0': 0, 'C1': 0, 'C2': -6.0, 'C3': 0, 'D0': -8.0, 'D1': 0, 'D2': -8.0, 'D3': -5.0}, {'A0': 0, 'A1': 0, 'A2': 0, 'A3': 0, 'B0': 0, 'B1': 0, 'B2': 0, 'B3': 0, 'C0': 0, 'C1': 0, 'C2': 1, 'C3': 0, 'D0': 1, 'D1': 0, 'D2': 1, 'D3': 1}, {'A0': 0, 'A1': 0, 'A2': 0, 'A3': 0, 'B0': 0, 'B1': 0, 'B2': 0, 'B3': 0, 'C0': 0, 'C1': 0, 'C2': 1, 'C3': 0, 'D0': 1, 'D1': 0, 'D2': 1, 'D3': 1}, 
260.0, {'A0': 0, 'A1': -1.0, 'A2': 0, 'A3': 0, 'B0': 0, 'B1': 0, 'B2': 0, 'B3': 0, 'C0': 0, 'C1': -5.0, 'C2': 0, 'C3': 0, 'D0': 0, 'D1': 0, 'D2': 0, 'D3': 0}, {'A0': 0, 'A1': 1, 'A2': 0, 'A3': 0, 'B0': 0, 'B1': 0, 'B2': 0, 'B3': 0, 'C0': 0, 'C1': 1, 'C2': 0, 'C3': 0, 'D0': 0, 'D1': 0, 'D2': 0, 'D3': 0}, {'A0': 0, 'A1': 1, 'A2': 0, 'A3': 0, 'B0': 0, 'B1': 0, 'B2': 0, 'B3': 0, 'C0': 0, 'C1': 1, 'C2': 0, 'C3': 0, 'D0': 0, 'D1': 0, 'D2': 0, 'D3': 0}, 
270.0, {'A0': 0, 'A1': 0, 'A2': -35.0, 'A3': 0, 'B0': 0, 'B1': -7.0, 'B2': 0, 'B3': -8.0, 'C0': 0, 'C1': 0, 'C2': 0, 'C3': 0, 'D0': 0, 'D1': 0, 'D2': 0, 'D3': 0}, {'A0': 0, 'A1': 0, 'A2': 2, 'A3': 0, 'B0': 0, 'B1': 1, 'B2': 0, 'B3': 2, 'C0': 0, 'C1': 0, 'C2': 0, 'C3': 0, 'D0': 0, 'D1': 0, 'D2': 0, 'D3': 0}, {'A0': 0, 'A1': 0, 'A2': 3, 'A3': 0, 'B0': 0, 'B1': 1, 'B2': 0, 'B3': 2, 'C0': 0, 'C1': 0, 'C2': 0, 'C3': 0, 'D0': 0, 'D1': 0, 'D2': 0, 'D3': 0}, 
280.0, {'A0': 0, 'A1': -2.0, 'A2': -2.0, 'A3': 0, 'B0': -10.0, 'B1': 0, 'B2': 0, 'B3': 0, 'C0': 0, 'C1': -9.0, 'C2': 0, 'C3': 0, 'D0': 0, 'D1': 0, 'D2': 0, 'D3': 0}, {'A0': 0, 'A1': 1, 'A2': 1, 'A3': 0, 'B0': 1, 'B1': 0, 'B2': 0, 'B3': 0, 'C0': 0, 'C1': 1, 'C2': 0, 'C3': 0, 'D0': 0, 'D1': 0, 'D2': 0, 'D3': 0}, {'A0': 0, 'A1': 1, 'A2': 1, 'A3': 0, 'B0': 1, 'B1': 0, 'B2': 0, 'B3': 0, 'C0': 0, 'C1': 1, 'C2': 0, 'C3': 0, 'D0': 0, 'D1': 0, 'D2': 0, 'D3': 0}, 
290.0, {'A0': 0, 'A1': 0, 'A2': -11.0, 'A3': -7.0, 'B0': 0, 'B1': 0, 'B2': -10.0, 'B3': 0, 'C0': -8.0, 'C1': 0, 'C2': 0, 'C3': -8.0, 'D0': -8.0, 'D1': 0, 'D2': 0, 'D3': -3.0}, {'A0': 0, 'A1': 0, 'A2': 1, 'A3': 1, 'B0': 0, 'B1': 0, 'B2': 1, 'B3': 0, 'C0': 1, 'C1': 0, 'C2': 0, 'C3': 1, 'D0': 1, 'D1': 0, 'D2': 0, 'D3': 1}, {'A0': 0, 'A1': 0, 'A2': 2, 'A3': 1, 'B0': 0, 'B1': 0, 'B2': 1, 'B3': 0, 'C0': 1, 'C1': 0, 'C2': 0, 'C3': 1, 'D0': 1, 'D1': 0, 'D2': 0, 'D3': 1}, 
300.0, {'A0': 0, 'A1': -8.0, 'A2': -13.0, 'A3': 0, 'B0': 0, 'B1': 0, 'B2': 0, 'B3': 0, 'C0': 0, 'C1': 0, 'C2': 0, 'C3': -28.0, 'D0': -18.0, 'D1': -4.0, 'D2': 0, 'D3': 0}, {'A0': 0, 'A1': 1, 'A2': 1, 'A3': 0, 'B0': 0, 'B1': 0, 'B2': 0, 'B3': 0, 'C0': 0, 'C1': 0, 'C2': 0, 'C3': 1, 'D0': 1, 'D1': 1, 'D2': 0, 'D3': 0}, {'A0': 0, 'A1': 1, 'A2': 1, 'A3': 0, 'B0': 0, 'B1': 0, 'B2': 0, 'B3': 0, 'C0': 0, 'C1': 0, 'C2': 0, 'C3': 2, 'D0': 1, 'D1': 1, 'D2': 0, 'D3': 0}, 
310.0, {'A0': 0, 'A1': 0, 'A2': -6.0, 'A3': 0, 'B0': 0, 'B1': 0, 'B2': -4.0, 'B3': 0, 'C0': 0, 'C1': -9.0, 'C2': 0, 'C3': 0, 'D0': 0, 'D1': 0, 'D2': 0, 'D3': 0}, {'A0': 0, 'A1': 0, 'A2': 1, 'A3': 0, 'B0': 0, 'B1': 0, 'B2': 1, 'B3': 0, 'C0': 0, 'C1': 1, 'C2': 0, 'C3': 0, 'D0': 0, 'D1': 0, 'D2': 0, 'D3': 0}, {'A0': 0, 'A1': 0, 'A2': 1, 'A3': 0, 'B0': 0, 'B1': 0, 'B2': 1, 'B3': 0, 'C0': 0, 'C1': 1, 'C2': 0, 'C3': 0, 'D0': 0, 'D1': 0, 'D2': 0, 'D3': 0}, 
320.0, {'A0': -10.0, 'A1': 0, 'A2': -6.0, 'A3': 0, 'B0': 0, 'B1': 0, 'B2': 0, 'B3': 0, 'C0': 0, 'C1': 0, 'C2': 0, 'C3': 0, 'D0': -10.0, 'D1': 0, 'D2': 0, 'D3': 0}, {'A0': 1, 'A1': 0, 'A2': 1, 'A3': 0, 'B0': 0, 'B1': 0, 'B2': 0, 'B3': 0, 'C0': 0, 'C1': 0, 'C2': 0, 'C3': 0, 'D0': 1, 'D1': 0, 'D2': 0, 'D3': 0}, {'A0': 2, 'A1': 0, 'A2': 1, 'A3': 0, 'B0': 0, 'B1': 0, 'B2': 0, 'B3': 0, 'C0': 0, 'C1': 0, 'C2': 0, 'C3': 0, 'D0': 1, 'D1': 0, 'D2': 0, 'D3': 0}, 
330.0, {'A0': -15.0, 'A1': 0, 'A2': -9.0, 'A3': -16.0, 'B0': -8.0, 'B1': 0, 'B2': 0, 'B3': 0, 'C0': 0, 'C1': 0, 'C2': -6.0, 'C3': 0, 'D0': 0, 'D1': 0, 'D2': 0, 'D3': 0}, {'A0': 1, 'A1': 0, 'A2': 1, 'A3': 1, 'B0': 1, 'B1': 0, 'B2': 0, 'B3': 0, 'C0': 0, 'C1': 0, 'C2': 1, 'C3': 0, 'D0': 0, 'D1': 0, 'D2': 0, 'D3': 0}, {'A0': 1, 'A1': 0, 'A2': 1, 'A3': 1, 'B0': 1, 'B1': 0, 'B2': 0, 'B3': 0, 'C0': 0, 'C1': 0, 'C2': 1, 'C3': 0, 'D0': 0, 'D1': 0, 'D2': 0, 'D3': 0}, 
340.0, {'A0': 0, 'A1': 0, 'A2': 0, 'A3': 0, 'B0': 0, 'B1': -10.0, 'B2': 0, 'B3': 0, 'C0': -10.0, 'C1': -7.0, 'C2': 0, 'C3': -8.0, 'D0': 0, 'D1': 0, 'D2': 0, 'D3': -22.0}, {'A0': 0, 'A1': 0, 'A2': 0, 'A3': 0, 'B0': 0, 'B1': 1, 'B2': 0, 'B3': 0, 'C0': 1, 'C1': 1, 'C2': 0, 'C3': 1, 'D0': 0, 'D1': 0, 'D2': 0, 'D3': 3}, {'A0': 0, 'A1': 0, 'A2': 0, 'A3': 0, 'B0': 0, 'B1': 1, 'B2': 0, 'B3': 0, 'C0': 1, 'C1': 1, 'C2': 0, 'C3': 1, 'D0': 0, 'D1': 0, 'D2': 0, 'D3': 3}, 
350.0, {'A0': 0, 'A1': 0, 'A2': -4.0, 'A3': -3.0, 'B0': 0, 'B1': 0, 'B2': 0, 'B3': 0, 'C0': 0, 'C1': -1.0, 'C2': 0, 'C3': 0, 'D0': 0, 'D1': -9.0, 'D2': 0, 'D3': 0}, {'A0': 0, 'A1': 0, 'A2': 1, 'A3': 1, 'B0': 0, 'B1': 0, 'B2': 0, 'B3': 0, 'C0': 0, 'C1': 1, 'C2': 0, 'C3': 0, 'D0': 0, 'D1': 1, 'D2': 0, 'D3': 0}, {'A0': 0, 'A1': 0, 'A2': 1, 'A3': 1, 'B0': 0, 'B1': 0, 'B2': 0, 'B3': 0, 'C0': 0, 'C1': 1, 'C2': 0, 'C3': 0, 'D0': 0, 'D1': 1, 'D2': 0, 'D3': 0}, 
360.0, {'A0': -4.0, 'A1': 0, 'A2': 0, 'A3': -7.0, 'B0': -8.0, 'B1': 0, 'B2': 0, 'B3': 0, 'C0': -6.0, 'C1': 0, 'C2': 0, 'C3': 0, 'D0': 0, 'D1': 0, 'D2': 0, 'D3': 0}, {'A0': 1, 'A1': 0, 'A2': 0, 'A3': 1, 'B0': 1, 'B1': 0, 'B2': 0, 'B3': 0, 'C0': 1, 'C1': 0, 'C2': 0, 'C3': 0, 'D0': 0, 'D1': 0, 'D2': 0, 'D3': 0}, {'A0': 1, 'A1': 0, 'A2': 0, 'A3': 1, 'B0': 1, 'B1': 0, 'B2': 0, 'B3': 0, 'C0': 1, 'C1': 0, 'C2': 0, 'C3': 0, 'D0': 0, 'D1': 0, 'D2': 0, 'D3': 0}, 
370.0, {'A0': 0, 'A1': -6.0, 'A2': 0, 'A3': 0, 'B0': -1.0, 'B1': -3.0, 'B2': 0, 'B3': 0, 'C0': 0, 'C1': 0, 'C2': 0, 'C3': 0, 'D0': 0, 'D1': 0, 'D2': -1.0, 'D3': 0}, {'A0': 0, 'A1': 1, 'A2': 0, 'A3': 0, 'B0': 1, 'B1': 1, 'B2': 0, 'B3': 0, 'C0': 0, 'C1': 0, 'C2': 0, 'C3': 0, 'D0': 0, 'D1': 0, 'D2': 1, 'D3': 0}, {'A0': 0, 'A1': 1, 'A2': 0, 'A3': 0, 'B0': 1, 'B1': 1, 'B2': 0, 'B3': 0, 'C0': 0, 'C1': 0, 'C2': 0, 'C3': 0, 'D0': 0, 'D1': 0, 'D2': 1, 'D3': 0}, 
380.0, {'A0': -7.0, 'A1': 0, 'A2': 0, 'A3': 0, 'B0': -9.0, 'B1': -12.0, 'B2': 0, 'B3': -10.0, 'C0': 0, 'C1': -12.0, 'C2': 0, 'C3': -9.0, 'D0': 0, 'D1': 0, 'D2': 0, 'D3': 0}, {'A0': 1, 'A1': 0, 'A2': 0, 'A3': 0, 'B0': 1, 'B1': 1, 'B2': 0, 'B3': 1, 'C0': 0, 'C1': 2, 'C2': 0, 'C3': 1, 'D0': 0, 'D1': 0, 'D2': 0, 'D3': 0}, {'A0': 1, 'A1': 0, 'A2': 0, 'A3': 0, 'B0': 1, 'B1': 2, 'B2': 0, 'B3': 1, 'C0': 0, 'C1': 2, 'C2': 0, 'C3': 1, 'D0': 0, 'D1': 0, 'D2': 0, 'D3': 0}, 
390.0, {'A0': 0, 'A1': -6.0, 'A2': -5.0, 'A3': -5.0, 'B0': 0, 'B1': -20.0, 'B2': -9.0, 'B3': 0, 'C0': -6.0, 'C1': -17.0, 'C2': 0, 'C3': -12.0, 'D0': 0, 'D1': 0, 'D2': 0, 'D3': 0}, {'A0': 0, 'A1': 1, 'A2': 1, 'A3': 1, 'B0': 0, 'B1': 1, 'B2': 1, 'B3': 0, 'C0': 1, 'C1': 1, 'C2': 0, 'C3': 1, 'D0': 0, 'D1': 0, 'D2': 0, 'D3': 0}, {'A0': 0, 'A1': 1, 'A2': 2, 'A3': 1, 'B0': 0, 'B1': 1, 'B2': 1, 'B3': 0, 'C0': 1, 'C1': 2, 'C2': 0, 'C3': 2, 'D0': 0, 'D1': 0, 'D2': 0, 'D3': 0}, 
400.0, {'A0': -1.0, 'A1': 0, 'A2': -14.0, 'A3': 0, 'B0': -6.0, 'B1': 0, 'B2': 0, 'B3': -4.0, 'C0': -9.0, 'C1': -20.0, 'C2': 0, 'C3': -26.0, 'D0': 0, 'D1': 0, 'D2': 0, 'D3': -6.0}, {'A0': 1, 'A1': 0, 'A2': 1, 'A3': 0, 'B0': 1, 'B1': 0, 'B2': 0, 'B3': 1, 'C0': 1, 'C1': 1, 'C2': 0, 'C3': 1, 'D0': 0, 'D1': 0, 'D2': 0, 'D3': 1}, {'A0': 1, 'A1': 0, 'A2': 1, 'A3': 0, 'B0': 1, 'B1': 0, 'B2': 0, 'B3': 1, 'C0': 1, 'C1': 1, 'C2': 0, 'C3': 2, 'D0': 0, 'D1': 0, 'D2': 0, 'D3': 1}, 
410.0, {'A0': 0, 'A1': 0, 'A2': 0, 'A3': 0, 'B0': 0, 'B1': 0, 'B2': 0, 'B3': 0, 'C0': -19.0, 'C1': -17.0, 'C2': 0, 'C3': -29.0, 'D0': 0, 'D1': 0, 'D2': 0, 'D3': -16.0}, {'A0': 0, 'A1': 0, 'A2': 0, 'A3': 0, 'B0': 0, 'B1': 0, 'B2': 0, 'B3': 0, 'C0': 1, 'C1': 1, 'C2': 0, 'C3': 1, 'D0': 0, 'D1': 0, 'D2': 0, 'D3': 1}, {'A0': 0, 'A1': 0, 'A2': 0, 'A3': 0, 'B0': 0, 'B1': 0, 'B2': 0, 'B3': 0, 'C0': 1, 'C1': 2, 'C2': 0, 'C3': 1, 'D0': 0, 'D1': 0, 'D2': 0, 'D3': 1}, 
420.0, {'A0': 0, 'A1': 0, 'A2': 0, 'A3': -7.0, 'B0': -10.0, 'B1': 0, 'B2': 0, 'B3': 0, 'C0': 0, 'C1': -17.0, 'C2': 0, 'C3': 0, 'D0': 0, 'D1': -13.0, 'D2': 0, 'D3': -33.0}, {'A0': 0, 'A1': 0, 'A2': 0, 'A3': 1, 'B0': 1, 'B1': 0, 'B2': 0, 'B3': 0, 'C0': 0, 'C1': 1, 'C2': 0, 'C3': 0, 'D0': 0, 'D1': 2, 'D2': 0, 'D3': 1}, {'A0': 0, 'A1': 0, 'A2': 0, 'A3': 1, 'B0': 2, 'B1': 0, 'B2': 0, 'B3': 0, 'C0': 0, 'C1': 1, 'C2': 0, 'C3': 0, 'D0': 0, 'D1': 2, 'D2': 0, 'D3': 2}, 
430.0, {'A0': -1.0, 'A1': -2.0, 'A2': -10.0, 'A3': 0, 'B0': 0, 'B1': 0, 'B2': 0, 'B3': -8.0, 'C0': 0, 'C1': -27.0, 'C2': -10.0, 'C3': 0, 'D0': 0, 'D1': 0, 'D2': 0, 'D3': 0}, {'A0': 1, 'A1': 1, 'A2': 1, 'A3': 0, 'B0': 0, 'B1': 0, 'B2': 0, 'B3': 1, 'C0': 0, 'C1': 1, 'C2': 1, 'C3': 0, 'D0': 0, 'D1': 0, 'D2': 0, 'D3': 0}, {'A0': 1, 'A1': 1, 'A2': 2, 'A3': 0, 'B0': 0, 'B1': 0, 'B2': 0, 'B3': 1, 'C0': 0, 'C1': 1, 'C2': 1, 'C3': 0, 'D0': 0, 'D1': 0, 'D2': 0, 'D3': 0}, 
440.0, {'A0': -4.0, 'A1': 0, 'A2': -14.0, 'A3': 0, 'B0': 0, 'B1': 0, 'B2': -9.0, 'B3': 0, 'C0': 0, 'C1': 0, 'C2': 0, 'C3': -6.0, 'D0': -2.0, 'D1': 0, 'D2': 0, 'D3': -6.0}, {'A0': 1, 'A1': 0, 'A2': 1, 'A3': 0, 'B0': 0, 'B1': 0, 'B2': 1, 'B3': 0, 'C0': 0, 'C1': 0, 'C2': 0, 'C3': 1, 'D0': 1, 'D1': 0, 'D2': 0, 'D3': 1}, {'A0': 1, 'A1': 0, 'A2': 1, 'A3': 0, 'B0': 0, 'B1': 0, 'B2': 1, 'B3': 0, 'C0': 0, 'C1': 0, 'C2': 0, 'C3': 1, 'D0': 1, 'D1': 0, 'D2': 0, 'D3': 1}, 
450.0, {'A0': 0, 'A1': 0, 'A2': -33.0, 'A3': 0, 'B0': -2.0, 'B1': 0, 'B2': -7.0, 'B3': 0, 'C0': -1.0, 'C1': 0, 'C2': -8.0, 'C3': -16.0, 'D0': 0, 'D1': 0, 'D2': 0, 'D3': 0}, {'A0': 0, 'A1': 0, 'A2': 1, 'A3': 0, 'B0': 1, 'B1': 0, 'B2': 1, 'B3': 0, 'C0': 1, 'C1': 0, 'C2': 1, 'C3': 1, 'D0': 0, 'D1': 0, 'D2': 0, 'D3': 0}, {'A0': 0, 'A1': 0, 'A2': 2, 'A3': 0, 'B0': 1, 'B1': 0, 'B2': 1, 'B3': 0, 'C0': 1, 'C1': 0, 'C2': 1, 'C3': 1, 'D0': 0, 'D1': 0, 'D2': 0, 'D3': 0}, 
460.0, {'A0': -10.0, 'A1': 0, 'A2': 0, 'A3': 0, 'B0': -11.0, 'B1': 0, 'B2': 0, 'B3': -4.0, 'C0': -20.0, 'C1': 0, 'C2': 0, 'C3': 0, 'D0': 0, 'D1': 0, 'D2': 0, 'D3': 0}, {'A0': 1, 'A1': 0, 'A2': 0, 'A3': 0, 'B0': 1, 'B1': 0, 'B2': 0, 'B3': 1, 'C0': 1, 'C1': 0, 'C2': 0, 'C3': 0, 'D0': 0, 'D1': 0, 'D2': 0, 'D3': 0}, {'A0': 1, 'A1': 0, 'A2': 0, 'A3': 0, 'B0': 1, 'B1': 0, 'B2': 0, 'B3': 1, 'C0': 2, 'C1': 0, 'C2': 0, 'C3': 0, 'D0': 0, 'D1': 0, 'D2': 0, 'D3': 0}, 
470.0, {'A0': -9.0, 'A1': 0, 'A2': 0, 'A3': 0, 'B0': 0, 'B1': -8.0, 'B2': 0, 'B3': 0, 'C0': -21.0, 'C1': 0, 'C2': 0, 'C3': -4.0, 'D0': 0, 'D1': -7.0, 'D2': 0, 'D3': -3.0}, {'A0': 1, 'A1': 0, 'A2': 0, 'A3': 0, 'B0': 0, 'B1': 1, 'B2': 0, 'B3': 0, 'C0': 1, 'C1': 0, 'C2': 0, 'C3': 1, 'D0': 0, 'D1': 1, 'D2': 0, 'D3': 1}, {'A0': 1, 'A1': 0, 'A2': 0, 'A3': 0, 'B0': 0, 'B1': 1, 'B2': 0, 'B3': 0, 'C0': 1, 'C1': 0, 'C2': 0, 'C3': 1, 'D0': 0, 'D1': 1, 'D2': 0, 'D3': 1}, 
480.0, {'A0': 0, 'A1': 0, 'A2': 0, 'A3': 0, 'B0': -4.0, 'B1': 0, 'B2': 0, 'B3': 0, 'C0': -8.0, 'C1': 0, 'C2': -10.0, 'C3': 0, 'D0': 0, 'D1': 0, 'D2': 0, 'D3': -6.0}, {'A0': 0, 'A1': 0, 'A2': 0, 'A3': 0, 'B0': 1, 'B1': 0, 'B2': 0, 'B3': 0, 'C0': 1, 'C1': 0, 'C2': 1, 'C3': 0, 'D0': 0, 'D1': 0, 'D2': 0, 'D3': 1}, {'A0': 0, 'A1': 0, 'A2': 0, 'A3': 0, 'B0': 1, 'B1': 0, 'B2': 0, 'B3': 0, 'C0': 1, 'C1': 0, 'C2': 1, 'C3': 0, 'D0': 0, 'D1': 0, 'D2': 0, 'D3': 1}, 
490.0, {'A0': -9.0, 'A1': 0, 'A2': 0, 'A3': -10.0, 'B0': 0, 'B1': 0, 'B2': -24.0, 'B3': -5.0, 'C0': -18.0, 'C1': 0, 'C2': -4.0, 'C3': 0, 'D0': 0, 'D1': 0, 'D2': 0, 'D3': -6.0}, {'A0': 1, 'A1': 0, 'A2': 0, 'A3': 1, 'B0': 0, 'B1': 0, 'B2': 2, 'B3': 1, 'C0': 1, 'C1': 0, 'C2': 1, 'C3': 0, 'D0': 0, 'D1': 0, 'D2': 0, 'D3': 1}, {'A0': 1, 'A1': 0, 'A2': 0, 'A3': 1, 'B0': 0, 'B1': 0, 'B2': 3, 'B3': 1, 'C0': 1, 'C1': 0, 'C2': 1, 'C3': 0, 'D0': 0, 'D1': 0, 'D2': 0, 'D3': 1}, 
500.0, {'A0': 0, 'A1': 0, 'A2': -9.0, 'A3': 0, 'B0': -1.0, 'B1': 0, 'B2': 0, 'B3': -6.0, 'C0': 0, 'C1': 0, 'C2': 0, 'C3': -5.0, 'D0': -9.0, 'D1': 0, 'D2': 0, 'D3': 0}, {'A0': 0, 'A1': 0, 'A2': 1, 'A3': 0, 'B0': 1, 'B1': 0, 'B2': 0, 'B3': 1, 'C0': 0, 'C1': 0, 'C2': 0, 'C3': 2, 'D0': 1, 'D1': 0, 'D2': 0, 'D3': 0}, {'A0': 0, 'A1': 0, 'A2': 1, 'A3': 0, 'B0': 1, 'B1': 0, 'B2': 0, 'B3': 1, 'C0': 0, 'C1': 0, 'C2': 0, 'C3': 2, 'D0': 1, 'D1': 0, 'D2': 0, 'D3': 0}, 
510.0, {'A0': 0, 'A1': -8.0, 'A2': 0, 'A3': 0, 'B0': 0, 'B1': 0, 'B2': 0, 'B3': -1.0, 'C0': 0, 'C1': 0, 'C2': 0, 'C3': -3.0, 'D0': -4.0, 'D1': 0, 'D2': 0, 'D3': 0}, {'A0': 0, 'A1': 1, 'A2': 0, 'A3': 0, 'B0': 0, 'B1': 0, 'B2': 0, 'B3': 1, 'C0': 0, 'C1': 0, 'C2': 0, 'C3': 1, 'D0': 1, 'D1': 0, 'D2': 0, 'D3': 0}, {'A0': 0, 'A1': 1, 'A2': 0, 'A3': 0, 'B0': 0, 'B1': 0, 'B2': 0, 'B3': 1, 'C0': 0, 'C1': 0, 'C2': 0, 'C3': 2, 'D0': 1, 'D1': 0, 'D2': 0, 'D3': 0}, 
520.0, {'A0': 0, 'A1': 0, 'A2': 0, 'A3': 0, 'B0': 0, 'B1': 0, 'B2': 0, 'B3': 0, 'C0': 0, 'C1': -9.0, 'C2': 0, 'C3': -11.0, 'D0': 0, 'D1': 0, 'D2': -9.0, 'D3': 0}, {'A0': 0, 'A1': 0, 'A2': 0, 'A3': 0, 'B0': 0, 'B1': 0, 'B2': 0, 'B3': 0, 'C0': 0, 'C1': 1, 'C2': 0, 'C3': 1, 'D0': 0, 'D1': 0, 'D2': 1, 'D3': 0}, {'A0': 0, 'A1': 0, 'A2': 0, 'A3': 0, 'B0': 0, 'B1': 0, 'B2': 0, 'B3': 0, 'C0': 0, 'C1': 1, 'C2': 0, 'C3': 1, 'D0': 0, 'D1': 0, 'D2': 1, 'D3': 0}, 
530.0, {'A0': -8.0, 'A1': 0, 'A2': -26.0, 'A3': 0, 'B0': -7.0, 'B1': 0, 'B2': 0, 'B3': 0, 'C0': 0, 'C1': 0, 'C2': -8.0, 'C3': 0, 'D0': 0, 'D1': 0, 'D2': 0, 'D3': -5.0}, {'A0': 2, 'A1': 0, 'A2': 2, 'A3': 0, 'B0': 1, 'B1': 0, 'B2': 0, 'B3': 0, 'C0': 0, 'C1': 0, 'C2': 1, 'C3': 0, 'D0': 0, 'D1': 0, 'D2': 0, 'D3': 1}, {'A0': 2, 'A1': 0, 'A2': 3, 'A3': 0, 'B0': 1, 'B1': 0, 'B2': 0, 'B3': 0, 'C0': 0, 'C1': 0, 'C2': 1, 'C3': 0, 'D0': 0, 'D1': 0, 'D2': 0, 'D3': 1}, 
540.0, {'A0': -5.0, 'A1': 0, 'A2': -19.0, 'A3': 0, 'B0': -1.0, 'B1': 0, 'B2': -10.0, 'B3': 0, 'C0': 0, 'C1': -4.0, 'C2': 0, 'C3': 0, 'D0': 0, 'D1': 0, 'D2': 0, 'D3': -2.0}, {'A0': 1, 'A1': 0, 'A2': 1, 'A3': 0, 'B0': 1, 'B1': 0, 'B2': 1, 'B3': 0, 'C0': 0, 'C1': 1, 'C2': 0, 'C3': 0, 'D0': 0, 'D1': 0, 'D2': 0, 'D3': 1}, {'A0': 1, 'A1': 0, 'A2': 1, 'A3': 0, 'B0': 1, 'B1': 0, 'B2': 1, 'B3': 0, 'C0': 0, 'C1': 1, 'C2': 0, 'C3': 0, 'D0': 0, 'D1': 0, 'D2': 0, 'D3': 1}, 
550.0, {'A0': 0, 'A1': 0, 'A2': -29.0, 'A3': 0, 'B0': 0, 'B1': 0, 'B2': -3.0, 'B3': 0, 'C0': 0, 'C1': 0, 'C2': 0, 'C3': 0, 'D0': 0, 'D1': -19.0, 'D2': 0, 'D3': 0}, {'A0': 0, 'A1': 0, 'A2': 1, 'A3': 0, 'B0': 0, 'B1': 0, 'B2': 1, 'B3': 0, 'C0': 0, 'C1': 0, 'C2': 0, 'C3': 0, 'D0': 0, 'D1': 1, 'D2': 0, 'D3': 0}, {'A0': 0, 'A1': 0, 'A2': 1, 'A3': 0, 'B0': 0, 'B1': 0, 'B2': 1, 'B3': 0, 'C0': 0, 'C1': 0, 'C2': 0, 'C3': 0, 'D0': 0, 'D1': 3, 'D2': 0, 'D3': 0}, 
560.0, {'A0': 0, 'A1': 0, 'A2': 0, 'A3': -10.0, 'B0': 0, 'B1': 0, 'B2': 0, 'B3': 0, 'C0': 0, 'C1': 0, 'C2': 0, 'C3': 0, 'D0': -7.0, 'D1': -19.0, 'D2': 0, 'D3': -10.0}, {'A0': 0, 'A1': 0, 'A2': 0, 'A3': 1, 'B0': 0, 'B1': 0, 'B2': 0, 'B3': 0, 'C0': 0, 'C1': 0, 'C2': 0, 'C3': 0, 'D0': 1, 'D1': 1, 'D2': 0, 'D3': 2}, {'A0': 0, 'A1': 0, 'A2': 0, 'A3': 1, 'B0': 0, 'B1': 0, 'B2': 0, 'B3': 0, 'C0': 0, 'C1': 0, 'C2': 0, 'C3': 0, 'D0': 1, 'D1': 1, 'D2': 0, 'D3': 2}, 
570.0, {'A0': 0, 'A1': -8.0, 'A2': 0, 'A3': 0, 'B0': -6.0, 'B1': 0, 'B2': 0, 'B3': 0, 'C0': -2.0, 'C1': 0, 'C2': 0, 'C3': -10.0, 'D0': -6.0, 'D1': 0, 'D2': -8.0, 'D3': 0}, {'A0': 0, 'A1': 1, 'A2': 0, 'A3': 0, 'B0': 1, 'B1': 0, 'B2': 0, 'B3': 0, 'C0': 1, 'C1': 0, 'C2': 0, 'C3': 1, 'D0': 1, 'D1': 0, 'D2': 1, 'D3': 0}, {'A0': 0, 'A1': 2, 'A2': 0, 'A3': 0, 'B0': 1, 'B1': 0, 'B2': 0, 'B3': 0, 'C0': 1, 'C1': 0, 'C2': 0, 'C3': 1, 'D0': 1, 'D1': 0, 'D2': 1, 'D3': 0}, 
580.0, {'A0': 0, 'A1': 0, 'A2': 0, 'A3': 0, 'B0': -16.0, 'B1': -6.0, 'B2': 0, 'B3': 0, 'C0': 0, 'C1': 0, 'C2': -10.0, 'C3': 0, 'D0': 0, 'D1': 0, 'D2': -6.0, 'D3': -7.0}, {'A0': 0, 'A1': 0, 'A2': 0, 'A3': 0, 'B0': 1, 'B1': 1, 'B2': 0, 'B3': 0, 'C0': 0, 'C1': 0, 'C2': 1, 'C3': 0, 'D0': 0, 'D1': 0, 'D2': 1, 'D3': 1}, {'A0': 0, 'A1': 0, 'A2': 0, 'A3': 0, 'B0': 1, 'B1': 1, 'B2': 0, 'B3': 0, 'C0': 0, 'C1': 0, 'C2': 1, 'C3': 0, 'D0': 0, 'D1': 0, 'D2': 1, 'D3': 1}, 
590.0, {'A0': 0, 'A1': 0, 'A2': -8.0, 'A3': 0, 'B0': -2.0, 'B1': 0, 'B2': -9.0, 'B3': 0, 'C0': -1.0, 'C1': -10.0, 'C2': 0, 'C3': 0, 'D0': 0, 'D1': 0, 'D2': -7.0, 'D3': 0}, {'A0': 0, 'A1': 0, 'A2': 1, 'A3': 0, 'B0': 1, 'B1': 0, 'B2': 1, 'B3': 0, 'C0': 1, 'C1': 1, 'C2': 0, 'C3': 0, 'D0': 0, 'D1': 0, 'D2': 1, 'D3': 0}, {'A0': 0, 'A1': 0, 'A2': 1, 'A3': 0, 'B0': 1, 'B1': 0, 'B2': 1, 'B3': 0, 'C0': 1, 'C1': 1, 'C2': 0, 'C3': 0, 'D0': 0, 'D1': 0, 'D2': 1, 'D3': 0}, 
600.0, {'A0': 0, 'A1': -4.0, 'A2': 0, 'A3': -5.0, 'B0': 0, 'B1': 0, 'B2': -3.0, 'B3': 0, 'C0': 0, 'C1': 0, 'C2': 0, 'C3': 0, 'D0': 0, 'D1': 0, 'D2': 0, 'D3': 0}, {'A0': 0, 'A1': 1, 'A2': 0, 'A3': 1, 'B0': 0, 'B1': 0, 'B2': 1, 'B3': 0, 'C0': 0, 'C1': 0, 'C2': 0, 'C3': 0, 'D0': 0, 'D1': 0, 'D2': 0, 'D3': 0}, {'A0': 0, 'A1': 1, 'A2': 0, 'A3': 1, 'B0': 0, 'B1': 0, 'B2': 1, 'B3': 0, 'C0': 0, 'C1': 0, 'C2': 0, 'C3': 0, 'D0': 0, 'D1': 0, 'D2': 0, 'D3': 0}, 
610.0, {'A0': 0, 'A1': 0, 'A2': -9.0, 'A3': -4.0, 'B0': 0, 'B1': -7.0, 'B2': 0, 'B3': 0, 'C0': 0, 'C1': 0, 'C2': 0, 'C3': -4.0, 'D0': 0, 'D1': -11.0, 'D2': -11.0, 'D3': 0}, {'A0': 0, 'A1': 0, 'A2': 1, 'A3': 1, 'B0': 0, 'B1': 1, 'B2': 0, 'B3': 0, 'C0': 0, 'C1': 0, 'C2': 0, 'C3': 1, 'D0': 0, 'D1': 1, 'D2': 1, 'D3': 0}, {'A0': 0, 'A1': 0, 'A2': 1, 'A3': 1, 'B0': 0, 'B1': 1, 'B2': 0, 'B3': 0, 'C0': 0, 'C1': 0, 'C2': 0, 'C3': 1, 'D0': 0, 'D1': 2, 'D2': 2, 'D3': 0}, 
620.0, {'A0': 0, 'A1': 0, 'A2': 0, 'A3': 0, 'B0': -1.0, 'B1': 0, 'B2': -8.0, 'B3': 0, 'C0': -18.0, 'C1': 0, 'C2': 0, 'C3': 0, 'D0': 0, 'D1': -20.0, 'D2': -11.0, 'D3': -6.0}, {'A0': 0, 'A1': 0, 'A2': 0, 'A3': 0, 'B0': 1, 'B1': 0, 'B2': 1, 'B3': 0, 'C0': 1, 'C1': 0, 'C2': 0, 'C3': 0, 'D0': 0, 'D1': 1, 'D2': 1, 'D3': 1}, {'A0': 0, 'A1': 0, 'A2': 0, 'A3': 0, 'B0': 1, 'B1': 0, 'B2': 1, 'B3': 0, 'C0': 3, 'C1': 0, 'C2': 0, 'C3': 0, 'D0': 0, 'D1': 1, 'D2': 1, 'D3': 1}, 
630.0, {'A0': -11.0, 'A1': 0, 'A2': 0, 'A3': -9.0, 'B0': 0, 'B1': 0, 'B2': 0, 'B3': 0, 'C0': -15.0, 'C1': 0, 'C2': -8.0, 'C3': 0, 'D0': 0, 'D1': -9.0, 'D2': 0, 'D3': 0}, {'A0': 1, 'A1': 0, 'A2': 0, 'A3': 1, 'B0': 0, 'B1': 0, 'B2': 0, 'B3': 0, 'C0': 1, 'C1': 0, 'C2': 1, 'C3': 0, 'D0': 0, 'D1': 1, 'D2': 0, 'D3': 0}, {'A0': 2, 'A1': 0, 'A2': 0, 'A3': 1, 'B0': 0, 'B1': 0, 'B2': 0, 'B3': 0, 'C0': 1, 'C1': 0, 'C2': 1, 'C3': 0, 'D0': 0, 'D1': 1, 'D2': 0, 'D3': 0}, 
640.0, {'A0': -20.0, 'A1': 0, 'A2': 0, 'A3': 0, 'B0': 0, 'B1': -10.0, 'B2': 0, 'B3': -7.0, 'C0': 0, 'C1': 0, 'C2': 0, 'C3': 0, 'D0': -1.0, 'D1': 0, 'D2': 0, 'D3': -1.0}, {'A0': 1, 'A1': 0, 'A2': 0, 'A3': 0, 'B0': 0, 'B1': 1, 'B2': 0, 'B3': 1, 'C0': 0, 'C1': 0, 'C2': 0, 'C3': 0, 'D0': 1, 'D1': 0, 'D2': 0, 'D3': 1}, {'A0': 2, 'A1': 0, 'A2': 0, 'A3': 0, 'B0': 0, 'B1': 1, 'B2': 0, 'B3': 1, 'C0': 0, 'C1': 0, 'C2': 0, 'C3': 0, 'D0': 1, 'D1': 0, 'D2': 0, 'D3': 1}, 
650.0, {'A0': -29.0, 'A1': 0, 'A2': 0, 'A3': -1.0, 'B0': -7.0, 'B1': 0, 'B2': 0, 'B3': 0, 'C0': 0, 'C1': 0, 'C2': 0, 'C3': 0, 'D0': 0, 'D1': 0, 'D2': 0, 'D3': -12.0}, {'A0': 1, 'A1': 0, 'A2': 0, 'A3': 1, 'B0': 1, 'B1': 0, 'B2': 0, 'B3': 0, 'C0': 0, 'C1': 0, 'C2': 0, 'C3': 0, 'D0': 0, 'D1': 0, 'D2': 0, 'D3': 1}, {'A0': 1, 'A1': 0, 'A2': 0, 'A3': 1, 'B0': 1, 'B1': 0, 'B2': 0, 'B3': 0, 'C0': 0, 'C1': 0, 'C2': 0, 'C3': 0, 'D0': 0, 'D1': 0, 'D2': 0, 'D3': 1}, 
660.0, {'A0': -3.0, 'A1': 0, 'A2': -6.0, 'A3': -4.0, 'B0': -17.0, 'B1': 0, 'B2': 0, 'B3': 0, 'C0': 0, 'C1': 0, 'C2': -7.0, 'C3': 0, 'D0': 0, 'D1': 0, 'D2': 0, 'D3': 0}, {'A0': 1, 'A1': 0, 'A2': 1, 'A3': 1, 'B0': 1, 'B1': 0, 'B2': 0, 'B3': 0, 'C0': 0, 'C1': 0, 'C2': 1, 'C3': 0, 'D0': 0, 'D1': 0, 'D2': 0, 'D3': 0}, {'A0': 1, 'A1': 0, 'A2': 1, 'A3': 1, 'B0': 1, 'B1': 0, 'B2': 0, 'B3': 0, 'C0': 0, 'C1': 0, 'C2': 1, 'C3': 0, 'D0': 0, 'D1': 0, 'D2': 0, 'D3': 0}, 
670.0, {'A0': -2.0, 'A1': -5.0, 'A2': 0, 'A3': 0, 'B0': 0, 'B1': 0, 'B2': -8.0, 'B3': 0, 'C0': 0, 'C1': 0, 'C2': 0, 'C3': 0, 'D0': 0, 'D1': -2.0, 'D2': -10.0, 'D3': 0}, {'A0': 1, 'A1': 2, 'A2': 0, 'A3': 0, 'B0': 0, 'B1': 0, 'B2': 1, 'B3': 0, 'C0': 0, 'C1': 0, 'C2': 0, 'C3': 0, 'D0': 0, 'D1': 1, 'D2': 1, 'D3': 0}, {'A0': 1, 'A1': 2, 'A2': 0, 'A3': 0, 'B0': 0, 'B1': 0, 'B2': 1, 'B3': 0, 'C0': 0, 'C1': 0, 'C2': 0, 'C3': 0, 'D0': 0, 'D1': 1, 'D2': 1, 'D3': 0}, 
680.0, {'A0': 0, 'A1': 0, 'A2': 0, 'A3': -7.0, 'B0': 0, 'B1': 0, 'B2': 0, 'B3': 0, 'C0': -18.0, 'C1': -10.0, 'C2': 0, 'C3': -9.0, 'D0': -10.0, 'D1': 0, 'D2': 0, 'D3': 0}, {'A0': 0, 'A1': 0, 'A2': 0, 'A3': 1, 'B0': 0, 'B1': 0, 'B2': 0, 'B3': 0, 'C0': 2, 'C1': 1, 'C2': 0, 'C3': 1, 'D0': 1, 'D1': 0, 'D2': 0, 'D3': 0}, {'A0': 0, 'A1': 0, 'A2': 0, 'A3': 1, 'B0': 0, 'B1': 0, 'B2': 0, 'B3': 0, 'C0': 2, 'C1': 1, 'C2': 0, 'C3': 1, 'D0': 1, 'D1': 0, 'D2': 0, 'D3': 0}, 
690.0, {'A0': 0, 'A1': 0, 'A2': 0, 'A3': 0, 'B0': 0, 'B1': 0, 'B2': 0, 'B3': -7.0, 'C0': 0, 'C1': 0, 'C2': 0, 'C3': 0, 'D0': 0, 'D1': -2.0, 'D2': 0, 'D3': 0}, {'A0': 0, 'A1': 0, 'A2': 0, 'A3': 0, 'B0': 0, 'B1': 0, 'B2': 0, 'B3': 1, 'C0': 0, 'C1': 0, 'C2': 0, 'C3': 0, 'D0': 0, 'D1': 1, 'D2': 0, 'D3': 0}, {'A0': 0, 'A1': 0, 'A2': 0, 'A3': 0, 'B0': 0, 'B1': 0, 'B2': 0, 'B3': 1, 'C0': 0, 'C1': 0, 'C2': 0, 'C3': 0, 'D0': 0, 'D1': 1, 'D2': 0, 'D3': 0}, 
700.0, {'A0': -10.0, 'A1': 0, 'A2': 0, 'A3': 0, 'B0': 0, 'B1': 0, 'B2': 0, 'B3': 0, 'C0': 0, 'C1': -3.0, 'C2': 0, 'C3': 0, 'D0': 0, 'D1': 0, 'D2': -10.0, 'D3': 0}, {'A0': 1, 'A1': 0, 'A2': 0, 'A3': 0, 'B0': 0, 'B1': 0, 'B2': 0, 'B3': 0, 'C0': 0, 'C1': 1, 'C2': 0, 'C3': 0, 'D0': 0, 'D1': 0, 'D2': 1, 'D3': 0}, {'A0': 1, 'A1': 0, 'A2': 0, 'A3': 0, 'B0': 0, 'B1': 0, 'B2': 0, 'B3': 0, 'C0': 0, 'C1': 1, 'C2': 0, 'C3': 0, 'D0': 0, 'D1': 0, 'D2': 1, 'D3': 0}, 
710.0, {'A0': -2.0, 'A1': 0, 'A2': -7.0, 'A3': -4.0, 'B0': -9.0, 'B1': 0, 'B2': 0, 'B3': 0, 'C0': 0, 'C1': 0, 'C2': 0, 'C3': 0, 'D0': 0, 'D1': 0, 'D2': 0, 'D3': 0}, {'A0': 1, 'A1': 0, 'A2': 1, 'A3': 1, 'B0': 1, 'B1': 0, 'B2': 0, 'B3': 0, 'C0': 0, 'C1': 0, 'C2': 0, 'C3': 0, 'D0': 0, 'D1': 0, 'D2': 0, 'D3': 0}, {'A0': 1, 'A1': 0, 'A2': 1, 'A3': 1, 'B0': 1, 'B1': 0, 'B2': 0, 'B3': 0, 'C0': 0, 'C1': 0, 'C2': 0, 'C3': 0, 'D0': 0, 'D1': 0, 'D2': 0, 'D3': 0}, 
720.0, {'A0': 0, 'A1': 0, 'A2': 0, 'A3': 0, 'B0': -12.0, 'B1': 0, 'B2': 0, 'B3': -9.0, 'C0': 0, 'C1': 0, 'C2': 0, 'C3': 0, 'D0': 0, 'D1': -10.0, 'D2': 0, 'D3': 0}, {'A0': 0, 'A1': 0, 'A2': 0, 'A3': 0, 'B0': 2, 'B1': 0, 'B2': 0, 'B3': 1, 'C0': 0, 'C1': 0, 'C2': 0, 'C3': 0, 'D0': 0, 'D1': 1, 'D2': 0, 'D3': 0}, {'A0': 0, 'A1': 0, 'A2': 0, 'A3': 0, 'B0': 2, 'B1': 0, 'B2': 0, 'B3': 1, 'C0': 0, 'C1': 0, 'C2': 0, 'C3': 0, 'D0': 0, 'D1': 1, 'D2': 0, 'D3': 0}, 
730.0, {'A0': -2.0, 'A1': -3.0, 'A2': 0, 'A3': -10.0, 'B0': 0, 'B1': -3.0, 'B2': 0, 'B3': 0, 'C0': 0, 'C1': -8.0, 'C2': 0, 'C3': -14.0, 'D0': 0, 'D1': 0, 'D2': -5.0, 'D3': 0}, {'A0': 1, 'A1': 1, 'A2': 0, 'A3': 1, 'B0': 0, 'B1': 1, 'B2': 0, 'B3': 0, 'C0': 0, 'C1': 1, 'C2': 0, 'C3': 2, 'D0': 0, 'D1': 0, 'D2': 1, 'D3': 0}, {'A0': 1, 'A1': 1, 'A2': 0, 'A3': 1, 'B0': 0, 'B1': 1, 'B2': 0, 'B3': 0, 'C0': 0, 'C1': 1, 'C2': 0, 'C3': 2, 'D0': 0, 'D1': 0, 'D2': 1, 'D3': 0}, 
740.0, {'A0': 0, 'A1': 0, 'A2': 0, 'A3': 0, 'B0': 0, 'B1': 0, 'B2': 0, 'B3': 0, 'C0': 0, 'C1': -18.0, 'C2': 0, 'C3': 0, 'D0': 0, 'D1': 0, 'D2': 0, 'D3': 0}, {'A0': 0, 'A1': 0, 'A2': 0, 'A3': 0, 'B0': 0, 'B1': 0, 'B2': 0, 'B3': 0, 'C0': 0, 'C1': 1, 'C2': 0, 'C3': 0, 'D0': 0, 'D1': 0, 'D2': 0, 'D3': 0}, {'A0': 0, 'A1': 0, 'A2': 0, 'A3': 0, 'B0': 0, 'B1': 0, 'B2': 0, 'B3': 0, 'C0': 0, 'C1': 1, 'C2': 0, 'C3': 0, 'D0': 0, 'D1': 0, 'D2': 0, 'D3': 0}, 
750.0, {'A0': 0, 'A1': -4.0, 'A2': 0, 'A3': 0, 'B0': 0, 'B1': 0, 'B2': 0, 'B3': 0, 'C0': -10.0, 'C1': 0, 'C2': 0, 'C3': 0, 'D0': 0, 'D1': -10.0, 'D2': -10.0, 'D3': 0}, {'A0': 0, 'A1': 1, 'A2': 0, 'A3': 0, 'B0': 0, 'B1': 0, 'B2': 0, 'B3': 0, 'C0': 1, 'C1': 0, 'C2': 0, 'C3': 0, 'D0': 0, 'D1': 1, 'D2': 1, 'D3': 0}, {'A0': 0, 'A1': 1, 'A2': 0, 'A3': 0, 'B0': 0, 'B1': 0, 'B2': 0, 'B3': 0, 'C0': 1, 'C1': 0, 'C2': 0, 'C3': 0, 'D0': 0, 'D1': 1, 'D2': 1, 'D3': 0}, 
760.0, {'A0': 0, 'A1': -10.0, 'A2': 0, 'A3': -8.0, 'B0': 0, 'B1': 0, 'B2': 0, 'B3': -28.0, 'C0': 0, 'C1': 0, 'C2': 0, 'C3': 0, 'D0': 0, 'D1': -8.0, 'D2': 0, 'D3': 0}, {'A0': 0, 'A1': 1, 'A2': 0, 'A3': 1, 'B0': 0, 'B1': 0, 'B2': 0, 'B3': 3, 'C0': 0, 'C1': 0, 'C2': 0, 'C3': 0, 'D0': 0, 'D1': 1, 'D2': 0, 'D3': 0}, {'A0': 0, 'A1': 1, 'A2': 0, 'A3': 1, 'B0': 0, 'B1': 0, 'B2': 0, 'B3': 4, 'C0': 0, 'C1': 0, 'C2': 0, 'C3': 0, 'D0': 0, 'D1': 1, 'D2': 0, 'D3': 0}, 
770.0, {'A0': -2.0, 'A1': -10.0, 'A2': 0, 'A3': 0, 'B0': -11.0, 'B1': -6.0, 'B2': 0, 'B3': -19.0, 'C0': 0, 'C1': 0, 'C2': -8.0, 'C3': 0, 'D0': -1.0, 'D1': 0, 'D2': -4.0, 'D3': 0}, {'A0': 1, 'A1': 1, 'A2': 0, 'A3': 0, 'B0': 2, 'B1': 1, 'B2': 0, 'B3': 1, 'C0': 0, 'C1': 0, 'C2': 1, 'C3': 0, 'D0': 1, 'D1': 0, 'D2': 1, 'D3': 0}, {'A0': 1, 'A1': 1, 'A2': 0, 'A3': 0, 'B0': 2, 'B1': 1, 'B2': 0, 'B3': 1, 'C0': 0, 'C1': 0, 'C2': 1, 'C3': 0, 'D0': 1, 'D1': 0, 'D2': 1, 'D3': 0}, 
780.0, {'A0': -15.0, 'A1': 0, 'A2': 0, 'A3': 0, 'B0': -1.0, 'B1': -10.0, 'B2': 0, 'B3': 0, 'C0': -10.0, 'C1': 0, 'C2': 0, 'C3': 0, 'D0': 0, 'D1': 0, 'D2': -24.0, 'D3': 0}, {'A0': 1, 'A1': 0, 'A2': 0, 'A3': 0, 'B0': 1, 'B1': 1, 'B2': 0, 'B3': 0, 'C0': 1, 'C1': 0, 'C2': 0, 'C3': 0, 'D0': 0, 'D1': 0, 'D2': 1, 'D3': 0}, {'A0': 2, 'A1': 0, 'A2': 0, 'A3': 0, 'B0': 1, 'B1': 1, 'B2': 0, 'B3': 0, 'C0': 1, 'C1': 0, 'C2': 0, 'C3': 0, 'D0': 0, 'D1': 0, 'D2': 2, 'D3': 0}, 
790.0, {'A0': 0, 'A1': 0, 'A2': 0, 'A3': 0, 'B0': 0, 'B1': 0, 'B2': 0, 'B3': 0, 'C0': 0, 'C1': -8.0, 'C2': 0, 'C3': 0, 'D0': 0, 'D1': -3.0, 'D2': -24.0, 'D3': 0}, {'A0': 0, 'A1': 0, 'A2': 0, 'A3': 0, 'B0': 0, 'B1': 0, 'B2': 0, 'B3': 0, 'C0': 0, 'C1': 1, 'C2': 0, 'C3': 0, 'D0': 0, 'D1': 1, 'D2': 1, 'D3': 0}, {'A0': 0, 'A1': 0, 'A2': 0, 'A3': 0, 'B0': 0, 'B1': 0, 'B2': 0, 'B3': 0, 'C0': 0, 'C1': 1, 'C2': 0, 'C3': 0, 'D0': 0, 'D1': 1, 'D2': 1, 'D3': 0}, 
800.0, {'A0': 0, 'A1': 0, 'A2': 0, 'A3': 0, 'B0': 0, 'B1': 0, 'B2': 0, 'B3': 0, 'C0': 0, 'C1': 0, 'C2': 0, 'C3': -24.0, 'D0': -1.0, 'D1': 0, 'D2': 0, 'D3': -5.0}, {'A0': 0, 'A1': 0, 'A2': 0, 'A3': 0, 'B0': 0, 'B1': 0, 'B2': 0, 'B3': 0, 'C0': 0, 'C1': 0, 'C2': 0, 'C3': 2, 'D0': 1, 'D1': 0, 'D2': 0, 'D3': 1}, {'A0': 0, 'A1': 0, 'A2': 0, 'A3': 0, 'B0': 0, 'B1': 0, 'B2': 0, 'B3': 0, 'C0': 0, 'C1': 0, 'C2': 0, 'C3': 3, 'D0': 1, 'D1': 0, 'D2': 0, 'D3': 1}, 
810.0, {'A0': 0, 'A1': -1.0, 'A2': 0, 'A3': 0, 'B0': 0, 'B1': 0, 'B2': -15.0, 'B3': 0, 'C0': -18.0, 'C1': 0, 'C2': 0, 'C3': 0, 'D0': 0, 'D1': 0, 'D2': 0, 'D3': 0}, {'A0': 0, 'A1': 1, 'A2': 0, 'A3': 0, 'B0': 0, 'B1': 0, 'B2': 2, 'B3': 0, 'C0': 2, 'C1': 0, 'C2': 0, 'C3': 0, 'D0': 0, 'D1': 0, 'D2': 0, 'D3': 0}, {'A0': 0, 'A1': 1, 'A2': 0, 'A3': 0, 'B0': 0, 'B1': 0, 'B2': 2, 'B3': 0, 'C0': 3, 'C1': 0, 'C2': 0, 'C3': 0, 'D0': 0, 'D1': 0, 'D2': 0, 'D3': 0}, 
820.0, {'A0': -8.0, 'A1': -10.0, 'A2': 0, 'A3': -6.0, 'B0': -5.0, 'B1': 0, 'B2': 0, 'B3': 0, 'C0': 0, 'C1': -5.0, 'C2': -4.0, 'C3': 0, 'D0': 0, 'D1': 0, 'D2': 0, 'D3': 0}, {'A0': 1, 'A1': 1, 'A2': 0, 'A3': 1, 'B0': 1, 'B1': 0, 'B2': 0, 'B3': 0, 'C0': 0, 'C1': 1, 'C2': 1, 'C3': 0, 'D0': 0, 'D1': 0, 'D2': 0, 'D3': 0}, {'A0': 2, 'A1': 1, 'A2': 0, 'A3': 1, 'B0': 1, 'B1': 0, 'B2': 0, 'B3': 0, 'C0': 0, 'C1': 1, 'C2': 1, 'C3': 0, 'D0': 0, 'D1': 0, 'D2': 0, 'D3': 0}, 
830.0, {'A0': 0, 'A1': -2.0, 'A2': 0, 'A3': 0, 'B0': 0, 'B1': 0, 'B2': 0, 'B3': 0, 'C0': 0, 'C1': 0, 'C2': -10.0, 'C3': 0, 'D0': 0, 'D1': 0, 'D2': -1.0, 'D3': 0}, {'A0': 0, 'A1': 1, 'A2': 0, 'A3': 0, 'B0': 0, 'B1': 0, 'B2': 0, 'B3': 0, 'C0': 0, 'C1': 0, 'C2': 1, 'C3': 0, 'D0': 0, 'D1': 0, 'D2': 1, 'D3': 0}, {'A0': 0, 'A1': 1, 'A2': 0, 'A3': 0, 'B0': 0, 'B1': 0, 'B2': 0, 'B3': 0, 'C0': 0, 'C1': 0, 'C2': 1, 'C3': 0, 'D0': 0, 'D1': 0, 'D2': 1, 'D3': 0}, 
840.0, {'A0': 0, 'A1': 0, 'A2': -1.0, 'A3': 0, 'B0': 0, 'B1': 0, 'B2': 0, 'B3': 0, 'C0': -10.0, 'C1': -7.0, 'C2': -1.0, 'C3': 0, 'D0': 0, 'D1': -7.0, 'D2': -11.0, 'D3': -16.0}, {'A0': 0, 'A1': 0, 'A2': 1, 'A3': 0, 'B0': 0, 'B1': 0, 'B2': 0, 'B3': 0, 'C0': 1, 'C1': 1, 'C2': 1, 'C3': 0, 'D0': 0, 'D1': 1, 'D2': 1, 'D3': 1}, {'A0': 0, 'A1': 0, 'A2': 1, 'A3': 0, 'B0': 0, 'B1': 0, 'B2': 0, 'B3': 0, 'C0': 1, 'C1': 1, 'C2': 1, 'C3': 0, 'D0': 0, 'D1': 1, 'D2': 1, 'D3': 2}, 
850.0, {'A0': 0, 'A1': 0, 'A2': 0, 'A3': 0, 'B0': -7.0, 'B1': 0, 'B2': 0, 'B3': 0, 'C0': 0, 'C1': 0, 'C2': 0, 'C3': 0, 'D0': -12.0, 'D1': -9.0, 'D2': 0, 'D3': 0}, {'A0': 0, 'A1': 0, 'A2': 0, 'A3': 0, 'B0': 1, 'B1': 0, 'B2': 0, 'B3': 0, 'C0': 0, 'C1': 0, 'C2': 0, 'C3': 0, 'D0': 2, 'D1': 1, 'D2': 0, 'D3': 0}, {'A0': 0, 'A1': 0, 'A2': 0, 'A3': 0, 'B0': 1, 'B1': 0, 'B2': 0, 'B3': 0, 'C0': 0, 'C1': 0, 'C2': 0, 'C3': 0, 'D0': 2, 'D1': 1, 'D2': 0, 'D3': 0}, 
860.0, {'A0': 0, 'A1': -9.0, 'A2': -7.0, 'A3': -9.0, 'B0': 0, 'B1': 0, 'B2': -6.0, 'B3': -6.0, 'C0': -5.0, 'C1': 0, 'C2': 0, 'C3': 0, 'D0': 0, 'D1': -3.0, 'D2': 0, 'D3': 0}, {'A0': 0, 'A1': 1, 'A2': 1, 'A3': 1, 'B0': 0, 'B1': 0, 'B2': 2, 'B3': 1, 'C0': 1, 'C1': 0, 'C2': 0, 'C3': 0, 'D0': 0, 'D1': 1, 'D2': 0, 'D3': 0}, {'A0': 0, 'A1': 1, 'A2': 2, 'A3': 1, 'B0': 0, 'B1': 0, 'B2': 2, 'B3': 1, 'C0': 1, 'C1': 0, 'C2': 0, 'C3': 0, 'D0': 0, 'D1': 1, 'D2': 0, 'D3': 0}, 
870.0, {'A0': 0, 'A1': 0, 'A2': 0, 'A3': -19.0, 'B0': 0, 'B1': 0, 'B2': 0, 'B3': 0, 'C0': 0, 'C1': 0, 'C2': 0, 'C3': 0, 'D0': 0, 'D1': 0, 'D2': 0, 'D3': 0}, {'A0': 0, 'A1': 0, 'A2': 0, 'A3': 1, 'B0': 0, 'B1': 0, 'B2': 0, 'B3': 0, 'C0': 0, 'C1': 0, 'C2': 0, 'C3': 0, 'D0': 0, 'D1': 0, 'D2': 0, 'D3': 0}, {'A0': 0, 'A1': 0, 'A2': 0, 'A3': 1, 'B0': 0, 'B1': 0, 'B2': 0, 'B3': 0, 'C0': 0, 'C1': 0, 'C2': 0, 'C3': 0, 'D0': 0, 'D1': 0, 'D2': 0, 'D3': 0}, 
880.0, {'A0': 0, 'A1': 0, 'A2': -1.0, 'A3': 0, 'B0': 0, 'B1': -9.0, 'B2': 0, 'B3': 0, 'C0': 0, 'C1': 0, 'C2': -10.0, 'C3': -8.0, 'D0': 0, 'D1': 0, 'D2': -9.0, 'D3': -10.0}, {'A0': 0, 'A1': 0, 'A2': 1, 'A3': 0, 'B0': 0, 'B1': 1, 'B2': 0, 'B3': 0, 'C0': 0, 'C1': 0, 'C2': 1, 'C3': 1, 'D0': 0, 'D1': 0, 'D2': 1, 'D3': 1}, {'A0': 0, 'A1': 0, 'A2': 1, 'A3': 0, 'B0': 0, 'B1': 1, 'B2': 0, 'B3': 0, 'C0': 0, 'C1': 0, 'C2': 1, 'C3': 1, 'D0': 0, 'D1': 0, 'D2': 1, 'D3': 1}, 
890.0, {'A0': -9.0, 'A1': 0, 'A2': 0, 'A3': 0, 'B0': 0, 'B1': 0, 'B2': -2.0, 'B3': 0, 'C0': -8.0, 'C1': 0, 'C2': 0, 'C3': 0, 'D0': 0, 'D1': 0, 'D2': -23.0, 'D3': -15.0}, {'A0': 1, 'A1': 0, 'A2': 0, 'A3': 0, 'B0': 0, 'B1': 0, 'B2': 1, 'B3': 0, 'C0': 1, 'C1': 0, 'C2': 0, 'C3': 0, 'D0': 0, 'D1': 0, 'D2': 1, 'D3': 1}, {'A0': 1, 'A1': 0, 'A2': 0, 'A3': 0, 'B0': 0, 'B1': 0, 'B2': 1, 'B3': 0, 'C0': 1, 'C1': 0, 'C2': 0, 'C3': 0, 'D0': 0, 'D1': 0, 'D2': 2, 'D3': 1}, 
900.0, {'A0': 0, 'A1': 0, 'A2': -5.0, 'A3': 0, 'B0': 0, 'B1': 0, 'B2': 0, 'B3': 0, 'C0': 0, 'C1': 0, 'C2': 0, 'C3': -5.0, 'D0': 0, 'D1': 0, 'D2': 0, 'D3': 0}, {'A0': 0, 'A1': 0, 'A2': 2, 'A3': 0, 'B0': 0, 'B1': 0, 'B2': 0, 'B3': 0, 'C0': 0, 'C1': 0, 'C2': 0, 'C3': 1, 'D0': 0, 'D1': 0, 'D2': 0, 'D3': 0}, {'A0': 0, 'A1': 0, 'A2': 2, 'A3': 0, 'B0': 0, 'B1': 0, 'B2': 0, 'B3': 0, 'C0': 0, 'C1': 0, 'C2': 0, 'C3': 1, 'D0': 0, 'D1': 0, 'D2': 0, 'D3': 0}, 
910.0, {'A0': 0, 'A1': 0, 'A2': 0, 'A3': 0, 'B0': 0, 'B1': 0, 'B2': 0, 'B3': -10.0, 'C0': 0, 'C1': 0, 'C2': 0, 'C3': -2.0, 'D0': -2.0, 'D1': 0, 'D2': 0, 'D3': -1.0}, {'A0': 0, 'A1': 0, 'A2': 0, 'A3': 0, 'B0': 0, 'B1': 0, 'B2': 0, 'B3': 1, 'C0': 0, 'C1': 0, 'C2': 0, 'C3': 1, 'D0': 1, 'D1': 0, 'D2': 0, 'D3': 1}, {'A0': 0, 'A1': 0, 'A2': 0, 'A3': 0, 'B0': 0, 'B1': 0, 'B2': 0, 'B3': 2, 'C0': 0, 'C1': 0, 'C2': 0, 'C3': 1, 'D0': 1, 'D1': 0, 'D2': 0, 'D3': 1}, 
920.0, {'A0': 0, 'A1': 0, 'A2': 0, 'A3': -5.0, 'B0': 0, 'B1': 0, 'B2': 0, 'B3': -19.0, 'C0': 0, 'C1': 0, 'C2': 0, 'C3': 0, 'D0': 0, 'D1': 0, 'D2': 0, 'D3': -3.0}, {'A0': 0, 'A1': 0, 'A2': 0, 'A3': 1, 'B0': 0, 'B1': 0, 'B2': 0, 'B3': 1, 'C0': 0, 'C1': 0, 'C2': 0, 'C3': 0, 'D0': 0, 'D1': 0, 'D2': 0, 'D3': 1}, {'A0': 0, 'A1': 0, 'A2': 0, 'A3': 1, 'B0': 0, 'B1': 0, 'B2': 0, 'B3': 1, 'C0': 0, 'C1': 0, 'C2': 0, 'C3': 0, 'D0': 0, 'D1': 0, 'D2': 0, 'D3': 1}, 
930.0, {'A0': 0, 'A1': 0, 'A2': -7.0, 'A3': -19.0, 'B0': 0, 'B1': 0, 'B2': 0, 'B3': -10.0, 'C0': 0, 'C1': 0, 'C2': -12.0, 'C3': 0, 'D0': -1.0, 'D1': -13.0, 'D2': -5.0, 'D3': -6.0}, {'A0': 0, 'A1': 0, 'A2': 1, 'A3': 2, 'B0': 0, 'B1': 0, 'B2': 0, 'B3': 1, 'C0': 0, 'C1': 0, 'C2': 1, 'C3': 0, 'D0': 1, 'D1': 1, 'D2': 1, 'D3': 1}, {'A0': 0, 'A1': 0, 'A2': 2, 'A3': 3, 'B0': 0, 'B1': 0, 'B2': 0, 'B3': 1, 'C0': 0, 'C1': 0, 'C2': 2, 'C3': 0, 'D0': 1, 'D1': 2, 'D2': 1, 'D3': 1}, 
940.0, {'A0': 0, 'A1': 0, 'A2': -21.0, 'A3': -25.0, 'B0': 0, 'B1': 0, 'B2': 0, 'B3': 0, 'C0': 0, 'C1': 0, 'C2': -20.0, 'C3': 0, 'D0': -2.0, 'D1': 0, 'D2': -15.0, 'D3': -9.0}, {'A0': 0, 'A1': 0, 'A2': 1, 'A3': 1, 'B0': 0, 'B1': 0, 'B2': 0, 'B3': 0, 'C0': 0, 'C1': 0, 'C2': 1, 'C3': 0, 'D0': 1, 'D1': 0, 'D2': 1, 'D3': 1}, {'A0': 0, 'A1': 0, 'A2': 3, 'A3': 1, 'B0': 0, 'B1': 0, 'B2': 0, 'B3': 0, 'C0': 0, 'C1': 0, 'C2': 1, 'C3': 0, 'D0': 1, 'D1': 0, 'D2': 1, 'D3': 2}, 
950.0, {'A0': 0, 'A1': -23.0, 'A2': -30.0, 'A3': 0, 'B0': 0, 'B1': 0, 'B2': 0, 'B3': 0, 'C0': -15.0, 'C1': 0, 'C2': 0, 'C3': -9.0, 'D0': 0, 'D1': -17.0, 'D2': -25.0, 'D3': -15.0}, {'A0': 0, 'A1': 1, 'A2': 2, 'A3': 0, 'B0': 0, 'B1': 0, 'B2': 0, 'B3': 0, 'C0': 2, 'C1': 0, 'C2': 0, 'C3': 1, 'D0': 0, 'D1': 1, 'D2': 1, 'D3': 1}, {'A0': 0, 'A1': 2, 'A2': 2, 'A3': 0, 'B0': 0, 'B1': 0, 'B2': 0, 'B3': 0, 'C0': 2, 'C1': 0, 'C2': 0, 'C3': 1, 'D0': 0, 'D1': 1, 'D2': 1, 'D3': 1}, 
960.0, {'A0': 0, 'A1': 0, 'A2': 0, 'A3': 0, 'B0': 0, 'B1': 0, 'B2': 0, 'B3': 0, 'C0': 0, 'C1': 0, 'C2': 0, 'C3': -18.0, 'D0': 0, 'D1': 0, 'D2': 0, 'D3': 0}, {'A0': 0, 'A1': 0, 'A2': 0, 'A3': 0, 'B0': 0, 'B1': 0, 'B2': 0, 'B3': 0, 'C0': 0, 'C1': 0, 'C2': 0, 'C3': 1, 'D0': 0, 'D1': 0, 'D2': 0, 'D3': 0}, {'A0': 0, 'A1': 0, 'A2': 0, 'A3': 0, 'B0': 0, 'B1': 0, 'B2': 0, 'B3': 0, 'C0': 0, 'C1': 0, 'C2': 0, 'C3': 3, 'D0': 0, 'D1': 0, 'D2': 0, 'D3': 0}, 
970.0, {'A0': 0, 'A1': 0, 'A2': 0, 'A3': 0, 'B0': 0, 'B1': -7.0, 'B2': -17.0, 'B3': -7.0, 'C0': 0, 'C1': -7.0, 'C2': 0, 'C3': -33.0, 'D0': 0, 'D1': 0, 'D2': 0, 'D3': -8.0}, {'A0': 0, 'A1': 0, 'A2': 0, 'A3': 0, 'B0': 0, 'B1': 1, 'B2': 1, 'B3': 2, 'C0': 0, 'C1': 1, 'C2': 0, 'C3': 1, 'D0': 0, 'D1': 0, 'D2': 0, 'D3': 1}, {'A0': 0, 'A1': 0, 'A2': 0, 'A3': 0, 'B0': 0, 'B1': 1, 'B2': 2, 'B3': 2, 'C0': 0, 'C1': 1, 'C2': 0, 'C3': 2, 'D0': 0, 'D1': 0, 'D2': 0, 'D3': 1}, 
980.0, {'A0': -6.0, 'A1': 0, 'A2': 0, 'A3': 0, 'B0': -10.0, 'B1': 0, 'B2': -10.0, 'B3': -10.0, 'C0': 0, 'C1': -17.0, 'C2': 0, 'C3': -29.0, 'D0': 0, 'D1': -7.0, 'D2': 0, 'D3': -9.0}, {'A0': 1, 'A1': 0, 'A2': 0, 'A3': 0, 'B0': 1, 'B1': 0, 'B2': 1, 'B3': 1, 'C0': 0, 'C1': 1, 'C2': 0, 'C3': 1, 'D0': 0, 'D1': 1, 'D2': 0, 'D3': 1}, {'A0': 1, 'A1': 0, 'A2': 0, 'A3': 0, 'B0': 1, 'B1': 0, 'B2': 1, 'B3': 1, 'C0': 0, 'C1': 1, 'C2': 0, 'C3': 1, 'D0': 0, 'D1': 1, 'D2': 0, 'D3': 1}, 
990.0, {'A0': -16.0, 'A1': 0, 'A2': 0, 'A3': -1.0, 'B0': -9.0, 'B1': 0, 'B2': -2.0, 'B3': 0, 'C0': 0, 'C1': 0, 'C2': 0, 'C3': 0, 'D0': 0, 'D1': -6.0, 'D2': 0, 'D3': -5.0}, {'A0': 1, 'A1': 0, 'A2': 0, 'A3': 1, 'B0': 1, 'B1': 0, 'B2': 1, 'B3': 0, 'C0': 0, 'C1': 0, 'C2': 0, 'C3': 0, 'D0': 0, 'D1': 1, 'D2': 0, 'D3': 1}, {'A0': 1, 'A1': 0, 'A2': 0, 'A3': 1, 'B0': 1, 'B1': 0, 'B2': 1, 'B3': 0, 'C0': 0, 'C1': 0, 'C2': 0, 'C3': 0, 'D0': 0, 'D1': 1, 'D2': 0, 'D3': 1}, 
1000.0, {'A0': 0, 'A1': -1.0, 'A2': 0, 'A3': 0, 'B0': 0, 'B1': 0, 'B2': 0, 'B3': 0, 'C0': 0, 'C1': 0, 'C2': -10.0, 'C3': 0, 'D0': 0, 'D1': 0, 'D2': 0, 'D3': 0}, {'A0': 0, 'A1': 1, 'A2': 0, 'A3': 0, 'B0': 0, 'B1': 0, 'B2': 0, 'B3': 0, 'C0': 0, 'C1': 0, 'C2': 1, 'C3': 0, 'D0': 0, 'D1': 0, 'D2': 0, 'D3': 0}, {'A0': 0, 'A1': 1, 'A2': 0, 'A3': 0, 'B0': 0, 'B1': 0, 'B2': 0, 'B3': 0, 'C0': 0, 'C1': 0, 'C2': 1, 'C3': 0, 'D0': 0, 'D1': 0, 'D2': 0, 'D3': 0}, 
1010.0, {'A0': 0, 'A1': 0, 'A2': -8.0, 'A3': 0, 'B0': 0, 'B1': 0, 'B2': -7.0, 'B3': 0, 'C0': 0, 'C1': 0, 'C2': 0, 'C3': -13.0, 'D0': 0, 'D1': 0, 'D2': -6.0, 'D3': -8.0}, {'A0': 0, 'A1': 0, 'A2': 1, 'A3': 0, 'B0': 0, 'B1': 0, 'B2': 1, 'B3': 0, 'C0': 0, 'C1': 0, 'C2': 0, 'C3': 3, 'D0': 0, 'D1': 0, 'D2': 1, 'D3': 1}, {'A0': 0, 'A1': 0, 'A2': 1, 'A3': 0, 'B0': 0, 'B1': 0, 'B2': 1, 'B3': 0, 'C0': 0, 'C1': 0, 'C2': 0, 'C3': 3, 'D0': 0, 'D1': 0, 'D2': 1, 'D3': 1}, 
1020.0, {'A0': -8.0, 'A1': -1.0, 'A2': 0, 'A3': -10.0, 'B0': -1.0, 'B1': -4.0, 'B2': -1.0, 'B3': -2.0, 'C0': -10.0, 'C1': 0, 'C2': 0, 'C3': 0, 'D0': 0, 'D1': 0, 'D2': 0, 'D3': -9.0}, {'A0': 1, 'A1': 1, 'A2': 0, 'A3': 1, 'B0': 1, 'B1': 1, 'B2': 1, 'B3': 1, 'C0': 1, 'C1': 0, 'C2': 0, 'C3': 0, 'D0': 0, 'D1': 0, 'D2': 0, 'D3': 1}, {'A0': 1, 'A1': 1, 'A2': 0, 'A3': 1, 'B0': 1, 'B1': 1, 'B2': 1, 'B3': 1, 'C0': 1, 'C1': 0, 'C2': 0, 'C3': 0, 'D0': 0, 'D1': 0, 'D2': 0, 'D3': 1}, 
1030.0, {'A0': 0, 'A1': 0, 'A2': -4.0, 'A3': 0, 'B0': -11.0, 'B1': 0, 'B2': 0, 'B3': -18.0, 'C0': 0, 'C1': -9.0, 'C2': 0, 'C3': 0, 'D0': -11.0, 'D1': 0, 'D2': 0, 'D3': -6.0}, {'A0': 0, 'A1': 0, 'A2': 1, 'A3': 0, 'B0': 1, 'B1': 0, 'B2': 0, 'B3': 1, 'C0': 0, 'C1': 1, 'C2': 0, 'C3': 0, 'D0': 1, 'D1': 0, 'D2': 0, 'D3': 1}, {'A0': 0, 'A1': 0, 'A2': 1, 'A3': 0, 'B0': 1, 'B1': 0, 'B2': 0, 'B3': 3, 'C0': 0, 'C1': 1, 'C2': 0, 'C3': 0, 'D0': 1, 'D1': 0, 'D2': 0, 'D3': 1}, 
1040.0, {'A0': 0, 'A1': 0, 'A2': 0, 'A3': 0, 'B0': 0, 'B1': 0, 'B2': 0, 'B3': -15.0, 'C0': 0, 'C1': 0, 'C2': 0, 'C3': 0, 'D0': 0, 'D1': 0, 'D2': -9.0, 'D3': 0}, {'A0': 0, 'A1': 0, 'A2': 0, 'A3': 0, 'B0': 0, 'B1': 0, 'B2': 0, 'B3': 1, 'C0': 0, 'C1': 0, 'C2': 0, 'C3': 0, 'D0': 0, 'D1': 0, 'D2': 1, 'D3': 0}, {'A0': 0, 'A1': 0, 'A2': 0, 'A3': 0, 'B0': 0, 'B1': 0, 'B2': 0, 'B3': 1, 'C0': 0, 'C1': 0, 'C2': 0, 'C3': 0, 'D0': 0, 'D1': 0, 'D2': 1, 'D3': 0}, 
1050.0, {'A0': 0, 'A1': 0, 'A2': 0, 'A3': -1.0, 'B0': 0, 'B1': 0, 'B2': -2.0, 'B3': -4.0, 'C0': 0, 'C1': 0, 'C2': -14.0, 'C3': 0, 'D0': -10.0, 'D1': 0, 'D2': -2.0, 'D3': -8.0}, {'A0': 0, 'A1': 0, 'A2': 0, 'A3': 1, 'B0': 0, 'B1': 0, 'B2': 1, 'B3': 1, 'C0': 0, 'C1': 0, 'C2': 2, 'C3': 0, 'D0': 1, 'D1': 0, 'D2': 1, 'D3': 1}, {'A0': 0, 'A1': 0, 'A2': 0, 'A3': 1, 'B0': 0, 'B1': 0, 'B2': 1, 'B3': 1, 'C0': 0, 'C1': 0, 'C2': 3, 'C3': 0, 'D0': 3, 'D1': 0, 'D2': 1, 'D3': 2}, 
1060.0, {'A0': 0, 'A1': 0, 'A2': -36.0, 'A3': -11.0, 'B0': 0, 'B1': 0, 'B2': 0, 'B3': 0, 'C0': 0, 'C1': 0, 'C2': 0, 'C3': 0, 'D0': -14.0, 'D1': -9.0, 'D2': 0, 'D3': -8.0}, {'A0': 0, 'A1': 0, 'A2': 1, 'A3': 1, 'B0': 0, 'B1': 0, 'B2': 0, 'B3': 0, 'C0': 0, 'C1': 0, 'C2': 0, 'C3': 0, 'D0': 1, 'D1': 1, 'D2': 0, 'D3': 1}, {'A0': 0, 'A1': 0, 'A2': 1, 'A3': 1, 'B0': 0, 'B1': 0, 'B2': 0, 'B3': 0, 'C0': 0, 'C1': 0, 'C2': 0, 'C3': 0, 'D0': 1, 'D1': 1, 'D2': 0, 'D3': 1}, 
1070.0, {'A0': 0, 'A1': 0, 'A2': 0, 'A3': -5.0, 'B0': 0, 'B1': -9.0, 'B2': -8.0, 'B3': 0, 'C0': -16.0, 'C1': 0, 'C2': 0, 'C3': -6.0, 'D0': -6.0, 'D1': 0, 'D2': -8.0, 'D3': -7.0}, {'A0': 0, 'A1': 0, 'A2': 0, 'A3': 1, 'B0': 0, 'B1': 1, 'B2': 1, 'B3': 0, 'C0': 1, 'C1': 0, 'C2': 0, 'C3': 1, 'D0': 1, 'D1': 0, 'D2': 1, 'D3': 1}, {'A0': 0, 'A1': 0, 'A2': 0, 'A3': 1, 'B0': 0, 'B1': 1, 'B2': 1, 'B3': 0, 'C0': 2, 'C1': 0, 'C2': 0, 'C3': 1, 'D0': 1, 'D1': 0, 'D2': 1, 'D3': 1}, 
1080.0, {'A0': 0, 'A1': 0, 'A2': 0, 'A3': 0, 'B0': 0, 'B1': -3.0, 'B2': 0, 'B3': -13.0, 'C0': -20.0, 'C1': 0, 'C2': 0, 'C3': 0, 'D0': 0, 'D1': 0, 'D2': 0, 'D3': -6.0}, {'A0': 0, 'A1': 0, 'A2': 0, 'A3': 0, 'B0': 0, 'B1': 1, 'B2': 0, 'B3': 2, 'C0': 1, 'C1': 0, 'C2': 0, 'C3': 0, 'D0': 0, 'D1': 0, 'D2': 0, 'D3': 1}, {'A0': 0, 'A1': 0, 'A2': 0, 'A3': 0, 'B0': 0, 'B1': 1, 'B2': 0, 'B3': 2, 'C0': 1, 'C1': 0, 'C2': 0, 'C3': 0, 'D0': 0, 'D1': 0, 'D2': 0, 'D3': 1}, 
1090.0, {'A0': -13.0, 'A1': -10.0, 'A2': -2.0, 'A3': -3.0, 'B0': 0, 'B1': 0, 'B2': 0, 'B3': 0, 'C0': 0, 'C1': 0, 'C2': 0, 'C3': -9.0, 'D0': 0, 'D1': 0, 'D2': -14.0, 'D3': 0}, {'A0': 2, 'A1': 1, 'A2': 1, 'A3': 1, 'B0': 0, 'B1': 0, 'B2': 0, 'B3': 0, 'C0': 0, 'C1': 0, 'C2': 0, 'C3': 1, 'D0': 0, 'D1': 0, 'D2': 2, 'D3': 0}, {'A0': 2, 'A1': 1, 'A2': 1, 'A3': 1, 'B0': 0, 'B1': 0, 'B2': 0, 'B3': 0, 'C0': 0, 'C1': 0, 'C2': 0, 'C3': 1, 'D0': 0, 'D1': 0, 'D2': 2, 'D3': 0}, 
1100.0, {'A0': 0, 'A1': -8.0, 'A2': 0, 'A3': 0, 'B0': -1.0, 'B1': 0, 'B2': 0, 'B3': -8.0, 'C0': 0, 'C1': 0, 'C2': 0, 'C3': 0, 'D0': -6.0, 'D1': -8.0, 'D2': 0, 'D3': 0}, {'A0': 0, 'A1': 1, 'A2': 0, 'A3': 0, 'B0': 1, 'B1': 0, 'B2': 0, 'B3': 1, 'C0': 0, 'C1': 0, 'C2': 0, 'C3': 0, 'D0': 1, 'D1': 1, 'D2': 0, 'D3': 0}, {'A0': 0, 'A1': 2, 'A2': 0, 'A3': 0, 'B0': 1, 'B1': 0, 'B2': 0, 'B3': 1, 'C0': 0, 'C1': 0, 'C2': 0, 'C3': 0, 'D0': 1, 'D1': 1, 'D2': 0, 'D3': 0}, 
1110.0, {'A0': 0, 'A1': -12.0, 'A2': 0, 'A3': 0, 'B0': -3.0, 'B1': 0, 'B2': 0, 'B3': 0, 'C0': -6.0, 'C1': 0, 'C2': -25.0, 'C3': 0, 'D0': 0, 'D1': 0, 'D2': -12.0, 'D3': -1.0}, {'A0': 0, 'A1': 1, 'A2': 0, 'A3': 0, 'B0': 1, 'B1': 0, 'B2': 0, 'B3': 0, 'C0': 1, 'C1': 0, 'C2': 1, 'C3': 0, 'D0': 0, 'D1': 0, 'D2': 2, 'D3': 1}, {'A0': 0, 'A1': 1, 'A2': 0, 'A3': 0, 'B0': 1, 'B1': 0, 'B2': 0, 'B3': 0, 'C0': 1, 'C1': 0, 'C2': 3, 'C3': 0, 'D0': 0, 'D1': 0, 'D2': 2, 'D3': 1}, 
1120.0, {'A0': 0, 'A1': 0, 'A2': 0, 'A3': 0, 'B0': -4.0, 'B1': -3.0, 'B2': 0, 'B3': 0, 'C0': 0, 'C1': 0, 'C2': -18.0, 'C3': -24.0, 'D0': 0, 'D1': 0, 'D2': 0, 'D3': 0}, {'A0': 0, 'A1': 0, 'A2': 0, 'A3': 0, 'B0': 1, 'B1': 1, 'B2': 0, 'B3': 0, 'C0': 0, 'C1': 0, 'C2': 1, 'C3': 1, 'D0': 0, 'D1': 0, 'D2': 0, 'D3': 0}, {'A0': 0, 'A1': 0, 'A2': 0, 'A3': 0, 'B0': 1, 'B1': 1, 'B2': 0, 'B3': 0, 'C0': 0, 'C1': 0, 'C2': 1, 'C3': 3, 'D0': 0, 'D1': 0, 'D2': 0, 'D3': 0}, 
1130.0, {'A0': 0, 'A1': 0, 'A2': 0, 'A3': -2.0, 'B0': -9.0, 'B1': 0, 'B2': -6.0, 'B3': -7.0, 'C0': 0, 'C1': 0, 'C2': 0, 'C3': -25.0, 'D0': 0, 'D1': 0, 'D2': -3.0, 'D3': 0}, {'A0': 0, 'A1': 0, 'A2': 0, 'A3': 1, 'B0': 1, 'B1': 0, 'B2': 1, 'B3': 1, 'C0': 0, 'C1': 0, 'C2': 0, 'C3': 1, 'D0': 0, 'D1': 0, 'D2': 1, 'D3': 0}, {'A0': 0, 'A1': 0, 'A2': 0, 'A3': 1, 'B0': 1, 'B1': 0, 'B2': 1, 'B3': 1, 'C0': 0, 'C1': 0, 'C2': 0, 'C3': 2, 'D0': 0, 'D1': 0, 'D2': 1, 'D3': 0}, 
1140.0, {'A0': 0, 'A1': 0, 'A2': -7.0, 'A3': 0, 'B0': 0, 'B1': -19.0, 'B2': 0, 'B3': -17.0, 'C0': -15.0, 'C1': 0, 'C2': 0, 'C3': -29.0, 'D0': 0, 'D1': -2.0, 'D2': 0, 'D3': -5.0}, {'A0': 0, 'A1': 0, 'A2': 1, 'A3': 0, 'B0': 0, 'B1': 1, 'B2': 0, 'B3': 1, 'C0': 1, 'C1': 0, 'C2': 0, 'C3': 1, 'D0': 0, 'D1': 1, 'D2': 0, 'D3': 1}, {'A0': 0, 'A1': 0, 'A2': 1, 'A3': 0, 'B0': 0, 'B1': 2, 'B2': 0, 'B3': 1, 'C0': 3, 'C1': 0, 'C2': 0, 'C3': 1, 'D0': 0, 'D1': 1, 'D2': 0, 'D3': 1}, 
1150.0, {'A0': 0, 'A1': -3.0, 'A2': 0, 'A3': -4.0, 'B0': -6.0, 'B1': 0, 'B2': 0, 'B3': -27.0, 'C0': -28.0, 'C1': -9.0, 'C2': 0, 'C3': -10.0, 'D0': 0, 'D1': -15.0, 'D2': -9.0, 'D3': 0}, {'A0': 0, 'A1': 1, 'A2': 0, 'A3': 1, 'B0': 1, 'B1': 0, 'B2': 0, 'B3': 1, 'C0': 2, 'C1': 1, 'C2': 0, 'C3': 1, 'D0': 0, 'D1': 2, 'D2': 1, 'D3': 0}, {'A0': 0, 'A1': 1, 'A2': 0, 'A3': 1, 'B0': 1, 'B1': 0, 'B2': 0, 'B3': 1, 'C0': 2, 'C1': 1, 'C2': 0, 'C3': 1, 'D0': 0, 'D1': 3, 'D2': 1, 'D3': 0}, 
1160.0, {'A0': -11.0, 'A1': 0, 'A2': 0, 'A3': -14.0, 'B0': 0, 'B1': 0, 'B2': 0, 'B3': 0, 'C0': 0, 'C1': 0, 'C2': 0, 'C3': -11.0, 'D0': 0, 'D1': 0, 'D2': -3.0, 'D3': 0}, {'A0': 1, 'A1': 0, 'A2': 0, 'A3': 1, 'B0': 0, 'B1': 0, 'B2': 0, 'B3': 0, 'C0': 0, 'C1': 0, 'C2': 0, 'C3': 1, 'D0': 0, 'D1': 0, 'D2': 1, 'D3': 0}, {'A0': 2, 'A1': 0, 'A2': 0, 'A3': 1, 'B0': 0, 'B1': 0, 'B2': 0, 'B3': 0, 'C0': 0, 'C1': 0, 'C2': 0, 'C3': 2, 'D0': 0, 'D1': 0, 'D2': 1, 'D3': 0}, 
1170.0, {'A0': 0, 'A1': 0, 'A2': -12.0, 'A3': 0, 'B0': -3.0, 'B1': 0, 'B2': 0, 'B3': -2.0, 'C0': 0, 'C1': 0, 'C2': -15.0, 'C3': -13.0, 'D0': 0, 'D1': 0, 'D2': 0, 'D3': -2.0}, {'A0': 0, 'A1': 0, 'A2': 1, 'A3': 0, 'B0': 1, 'B1': 0, 'B2': 0, 'B3': 1, 'C0': 0, 'C1': 0, 'C2': 1, 'C3': 1, 'D0': 0, 'D1': 0, 'D2': 0, 'D3': 1}, {'A0': 0, 'A1': 0, 'A2': 2, 'A3': 0, 'B0': 1, 'B1': 0, 'B2': 0, 'B3': 1, 'C0': 0, 'C1': 0, 'C2': 2, 'C3': 1, 'D0': 0, 'D1': 0, 'D2': 0, 'D3': 1}, 
1180.0, {'A0': 0, 'A1': 0, 'A2': -19.0, 'A3': 0, 'B0': 0, 'B1': 0, 'B2': -18.0, 'B3': -7.0, 'C0': 0, 'C1': -12.0, 'C2': 0, 'C3': -8.0, 'D0': 0, 'D1': 0, 'D2': -1.0, 'D3': -10.0}, {'A0': 0, 'A1': 0, 'A2': 1, 'A3': 0, 'B0': 0, 'B1': 0, 'B2': 2, 'B3': 1, 'C0': 0, 'C1': 1, 'C2': 0, 'C3': 1, 'D0': 0, 'D1': 0, 'D2': 1, 'D3': 1}, {'A0': 0, 'A1': 0, 'A2': 1, 'A3': 0, 'B0': 0, 'B1': 0, 'B2': 2, 'B3': 2, 'C0': 0, 'C1': 2, 'C2': 0, 'C3': 1, 'D0': 0, 'D1': 0, 'D2': 1, 'D3': 1}, 
1190.0, {'A0': -7.0, 'A1': -12.0, 'A2': -2.0, 'A3': 0, 'B0': -5.0, 'B1': -3.0, 'B2': 0, 'B3': -1.0, 'C0': 0, 'C1': 0, 'C2': 0, 'C3': -8.0, 'D0': -6.0, 'D1': -11.0, 'D2': 0, 'D3': 0}, {'A0': 1, 'A1': 2, 'A2': 1, 'A3': 0, 'B0': 1, 'B1': 1, 'B2': 0, 'B3': 1, 'C0': 0, 'C1': 0, 'C2': 0, 'C3': 1, 'D0': 1, 'D1': 1, 'D2': 0, 'D3': 0}, {'A0': 1, 'A1': 2, 'A2': 1, 'A3': 0, 'B0': 1, 'B1': 1, 'B2': 0, 'B3': 1, 'C0': 0, 'C1': 0, 'C2': 0, 'C3': 1, 'D0': 1, 'D1': 2, 'D2': 0, 'D3': 0}, 
1200.0, {'A0': 0, 'A1': 0, 'A2': 0, 'A3': 0, 'B0': -15.0, 'B1': 0, 'B2': -7.0, 'B3': 0, 'C0': 0, 'C1': 0, 'C2': -8.0, 'C3': 0, 'D0': 0, 'D1': 0, 'D2': 0, 'D3': 0}, {'A0': 0, 'A1': 0, 'A2': 0, 'A3': 0, 'B0': 1, 'B1': 0, 'B2': 1, 'B3': 0, 'C0': 0, 'C1': 0, 'C2': 1, 'C3': 0, 'D0': 0, 'D1': 0, 'D2': 0, 'D3': 0}, {'A0': 0, 'A1': 0, 'A2': 0, 'A3': 0, 'B0': 1, 'B1': 0, 'B2': 1, 'B3': 0, 'C0': 0, 'C1': 0, 'C2': 1, 'C3': 0, 'D0': 0, 'D1': 0, 'D2': 0, 'D3': 0}, 
1210.0, {'A0': 0, 'A1': -10.0, 'A2': 0, 'A3': 0, 'B0': -2.0, 'B1': -9.0, 'B2': -13.0, 'B3': 0, 'C0': 0, 'C1': 0, 'C2': -8.0, 'C3': 0, 'D0': 0, 'D1': -3.0, 'D2': 0, 'D3': -4.0}, {'A0': 0, 'A1': 1, 'A2': 0, 'A3': 0, 'B0': 1, 'B1': 1, 'B2': 1, 'B3': 0, 'C0': 0, 'C1': 0, 'C2': 1, 'C3': 0, 'D0': 0, 'D1': 1, 'D2': 0, 'D3': 1}, {'A0': 0, 'A1': 1, 'A2': 0, 'A3': 0, 'B0': 1, 'B1': 1, 'B2': 2, 'B3': 0, 'C0': 0, 'C1': 0, 'C2': 1, 'C3': 0, 'D0': 0, 'D1': 1, 'D2': 0, 'D3': 1}, 
1220.0, {'A0': -9.0, 'A1': 0, 'A2': -1.0, 'A3': -13.0, 'B0': -6.0, 'B1': -8.0, 'B2': -9.0, 'B3': 0, 'C0': 0, 'C1': 0, 'C2': -8.0, 'C3': 0, 'D0': -17.0, 'D1': 0, 'D2': -1.0, 'D3': 0}, {'A0': 1, 'A1': 0, 'A2': 1, 'A3': 2, 'B0': 1, 'B1': 1, 'B2': 1, 'B3': 0, 'C0': 0, 'C1': 0, 'C2': 1, 'C3': 0, 'D0': 1, 'D1': 0, 'D2': 1, 'D3': 0}, {'A0': 1, 'A1': 0, 'A2': 1, 'A3': 2, 'B0': 1, 'B1': 1, 'B2': 1, 'B3': 0, 'C0': 0, 'C1': 0, 'C2': 1, 'C3': 0, 'D0': 2, 'D1': 0, 'D2': 1, 'D3': 0}, 
1230.0, {'A0': 0, 'A1': 0, 'A2': 0, 'A3': -5.0, 'B0': -8.0, 'B1': 0, 'B2': 0, 'B3': 0, 'C0': 0, 'C1': -7.0, 'C2': -1.0, 'C3': 0, 'D0': -30.0, 'D1': 0, 'D2': 0, 'D3': 0}, {'A0': 0, 'A1': 0, 'A2': 0, 'A3': 1, 'B0': 1, 'B1': 0, 'B2': 0, 'B3': 0, 'C0': 0, 'C1': 1, 'C2': 1, 'C3': 0, 'D0': 2, 'D1': 0, 'D2': 0, 'D3': 0}, {'A0': 0, 'A1': 0, 'A2': 0, 'A3': 1, 'B0': 1, 'B1': 0, 'B2': 0, 'B3': 0, 'C0': 0, 'C1': 1, 'C2': 1, 'C3': 0, 'D0': 3, 'D1': 0, 'D2': 0, 'D3': 0}, 
1240.0, {'A0': -12.0, 'A1': 0, 'A2': -18.0, 'A3': 0, 'B0': 0, 'B1': 0, 'B2': -8.0, 'B3': 0, 'C0': 0, 'C1': 0, 'C2': 0, 'C3': 0, 'D0': -17.0, 'D1': 0, 'D2': -18.0, 'D3': 0}, {'A0': 1, 'A1': 0, 'A2': 1, 'A3': 0, 'B0': 0, 'B1': 0, 'B2': 1, 'B3': 0, 'C0': 0, 'C1': 0, 'C2': 0, 'C3': 0, 'D0': 1, 'D1': 0, 'D2': 2, 'D3': 0}, {'A0': 2, 'A1': 0, 'A2': 2, 'A3': 0, 'B0': 0, 'B1': 0, 'B2': 1, 'B3': 0, 'C0': 0, 'C1': 0, 'C2': 0, 'C3': 0, 'D0': 1, 'D1': 0, 'D2': 2, 'D3': 0}, 
1250.0, {'A0': -20.0, 'A1': 0, 'A2': -24.0, 'A3': 0, 'B0': 0, 'B1': -9.0, 'B2': -18.0, 'B3': 0, 'C0': -19.0, 'C1': -11.0, 'C2': -9.0, 'C3': 0, 'D0': 0, 'D1': 0, 'D2': -3.0, 'D3': 0}, {'A0': 1, 'A1': 0, 'A2': 2, 'A3': 0, 'B0': 0, 'B1': 2, 'B2': 1, 'B3': 0, 'C0': 1, 'C1': 2, 'C2': 1, 'C3': 0, 'D0': 0, 'D1': 0, 'D2': 1, 'D3': 0}, {'A0': 1, 'A1': 0, 'A2': 2, 'A3': 0, 'B0': 0, 'B1': 2, 'B2': 1, 'B3': 0, 'C0': 2, 'C1': 2, 'C2': 2, 'C3': 0, 'D0': 0, 'D1': 0, 'D2': 1, 'D3': 0}, 
1260.0, {'A0': -4.0, 'A1': -7.0, 'A2': 0, 'A3': -24.0, 'B0': -5.0, 'B1': -5.0, 'B2': -37.0, 'B3': -16.0, 'C0': 0, 'C1': 0, 'C2': 0, 'C3': 0, 'D0': 0, 'D1': -1.0, 'D2': 0, 'D3': 0}, {'A0': 1, 'A1': 1, 'A2': 0, 'A3': 1, 'B0': 1, 'B1': 1, 'B2': 1, 'B3': 1, 'C0': 0, 'C1': 0, 'C2': 0, 'C3': 0, 'D0': 0, 'D1': 1, 'D2': 0, 'D3': 0}, {'A0': 1, 'A1': 1, 'A2': 0, 'A3': 1, 'B0': 1, 'B1': 1, 'B2': 2, 'B3': 2, 'C0': 0, 'C1': 0, 'C2': 0, 'C3': 0, 'D0': 0, 'D1': 1, 'D2': 0, 'D3': 0}, 
1270.0, {'A0': 0, 'A1': -12.0, 'A2': 0, 'A3': 0, 'B0': 0, 'B1': -7.0, 'B2': 0, 'B3': -12.0, 'C0': 0, 'C1': 0, 'C2': -2.0, 'C3': 0, 'D0': -10.0, 'D1': 0, 'D2': 0, 'D3': -12.0}, {'A0': 0, 'A1': 2, 'A2': 0, 'A3': 0, 'B0': 0, 'B1': 1, 'B2': 0, 'B3': 1, 'C0': 0, 'C1': 0, 'C2': 1, 'C3': 0, 'D0': 1, 'D1': 0, 'D2': 0, 'D3': 1}, {'A0': 0, 'A1': 2, 'A2': 0, 'A3': 0, 'B0': 0, 'B1': 1, 'B2': 0, 'B3': 2, 'C0': 0, 'C1': 0, 'C2': 1, 'C3': 0, 'D0': 1, 'D1': 0, 'D2': 0, 'D3': 1}, 
1280.0, {'A0': -4.0, 'A1': 0, 'A2': -7.0, 'A3': -8.0, 'B0': 0, 'B1': -10.0, 'B2': 0, 'B3': 0, 'C0': 0, 'C1': 0, 'C2': 0, 'C3': 0, 'D0': 0, 'D1': -3.0, 'D2': 0, 'D3': -2.0}, {'A0': 1, 'A1': 0, 'A2': 1, 'A3': 1, 'B0': 0, 'B1': 1, 'B2': 0, 'B3': 0, 'C0': 0, 'C1': 0, 'C2': 0, 'C3': 0, 'D0': 0, 'D1': 1, 'D2': 0, 'D3': 1}, {'A0': 1, 'A1': 0, 'A2': 1, 'A3': 1, 'B0': 0, 'B1': 1, 'B2': 0, 'B3': 0, 'C0': 0, 'C1': 0, 'C2': 0, 'C3': 0, 'D0': 0, 'D1': 1, 'D2': 0, 'D3': 1}, 
1290.0, {'A0': 0, 'A1': 0, 'A2': 0, 'A3': -1.0, 'B0': -29.0, 'B1': -8.0, 'B2': -14.0, 'B3': 0, 'C0': 0, 'C1': 0, 'C2': 0, 'C3': -5.0, 'D0': 0, 'D1': -14.0, 'D2': -7.0, 'D3': -8.0}, {'A0': 0, 'A1': 0, 'A2': 0, 'A3': 1, 'B0': 2, 'B1': 1, 'B2': 1, 'B3': 0, 'C0': 0, 'C1': 0, 'C2': 0, 'C3': 1, 'D0': 0, 'D1': 2, 'D2': 1, 'D3': 1}, {'A0': 0, 'A1': 0, 'A2': 0, 'A3': 1, 'B0': 4, 'B1': 1, 'B2': 2, 'B3': 0, 'C0': 0, 'C1': 0, 'C2': 0, 'C3': 1, 'D0': 0, 'D1': 2, 'D2': 1, 'D3': 1}, 
1300.0, {'A0': 0, 'A1': -9.0, 'A2': 0, 'A3': -2.0, 'B0': -19.0, 'B1': 0, 'B2': 0, 'B3': 0, 'C0': -25.0, 'C1': -9.0, 'C2': 0, 'C3': -34.0, 'D0': -16.0, 'D1': 0, 'D2': -4.0, 'D3': -1.0}, {'A0': 0, 'A1': 1, 'A2': 0, 'A3': 1, 'B0': 1, 'B1': 0, 'B2': 0, 'B3': 0, 'C0': 2, 'C1': 1, 'C2': 0, 'C3': 2, 'D0': 1, 'D1': 0, 'D2': 1, 'D3': 1}, {'A0': 0, 'A1': 1, 'A2': 0, 'A3': 1, 'B0': 1, 'B1': 0, 'B2': 0, 'B3': 0, 'C0': 4, 'C1': 1, 'C2': 0, 'C3': 3, 'D0': 1, 'D1': 0, 'D2': 1, 'D3': 1}, 
1310.0, {'A0': -9.0, 'A1': 0, 'A2': -4.0, 'A3': -3.0, 'B0': -7.0, 'B1': -15.0, 'B2': -10.0, 'B3': 0, 'C0': -20.0, 'C1': 0, 'C2': -6.0, 'C3': -6.0, 'D0': -17.0, 'D1': -10.0, 'D2': 0, 'D3': 0}, {'A0': 1, 'A1': 0, 'A2': 1, 'A3': 1, 'B0': 1, 'B1': 1, 'B2': 1, 'B3': 0, 'C0': 1, 'C1': 0, 'C2': 1, 'C3': 1, 'D0': 1, 'D1': 1, 'D2': 0, 'D3': 0}, {'A0': 1, 'A1': 0, 'A2': 1, 'A3': 1, 'B0': 1, 'B1': 2, 'B2': 1, 'B3': 0, 'C0': 1, 'C1': 0, 'C2': 1, 'C3': 1, 'D0': 1, 'D1': 1, 'D2': 0, 'D3': 0}, 
1320.0, {'A0': 0, 'A1': -20.0, 'A2': -9.0, 'A3': 0, 'B0': -31.0, 'B1': 0, 'B2': 0, 'B3': 0, 'C0': -30.0, 'C1': 0, 'C2': -16.0, 'C3': 0, 'D0': -13.0, 'D1': 0, 'D2': -10.0, 'D3': -7.0}, {'A0': 0, 'A1': 1, 'A2': 1, 'A3': 0, 'B0': 2, 'B1': 0, 'B2': 0, 'B3': 0, 'C0': 1, 'C1': 0, 'C2': 1, 'C3': 0, 'D0': 1, 'D1': 0, 'D2': 1, 'D3': 1}, {'A0': 0, 'A1': 1, 'A2': 2, 'A3': 0, 'B0': 4, 'B1': 0, 'B2': 0, 'B3': 0, 'C0': 1, 'C1': 0, 'C2': 1, 'C3': 0, 'D0': 1, 'D1': 0, 'D2': 1, 'D3': 1}, 
1330.0, {'A0': -19.0, 'A1': -4.0, 'A2': -29.0, 'A3': -6.0, 'B0': -27.0, 'B1': 0, 'B2': -6.0, 'B3': 0, 'C0': -49.0, 'C1': 0, 'C2': -7.0, 'C3': -3.0, 'D0': 0, 'D1': 0, 'D2': 0, 'D3': 0}, {'A0': 2, 'A1': 1, 'A2': 2, 'A3': 1, 'B0': 1, 'B1': 0, 'B2': 1, 'B3': 0, 'C0': 1, 'C1': 0, 'C2': 1, 'C3': 1, 'D0': 0, 'D1': 0, 'D2': 0, 'D3': 0}, {'A0': 3, 'A1': 1, 'A2': 3, 'A3': 1, 'B0': 1, 'B1': 0, 'B2': 1, 'B3': 0, 'C0': 2, 'C1': 0, 'C2': 1, 'C3': 1, 'D0': 0, 'D1': 0, 'D2': 0, 'D3': 0}, 
1340.0, {'A0': -20.0, 'A1': -1.0, 'A2': -28.0, 'A3': 0, 'B0': 0, 'B1': -13.0, 'B2': -16.0, 'B3': 0, 'C0': -53.0, 'C1': 0, 'C2': 0, 'C3': -6.0, 'D0': 0, 'D1': -9.0, 'D2': 0, 'D3': -2.0}, {'A0': 1, 'A1': 1, 'A2': 1, 'A3': 0, 'B0': 0, 'B1': 1, 'B2': 1, 'B3': 0, 'C0': 2, 'C1': 0, 'C2': 0, 'C3': 1, 'D0': 0, 'D1': 1, 'D2': 0, 'D3': 1}, {'A0': 1, 'A1': 1, 'A2': 1, 'A3': 0, 'B0': 0, 'B1': 2, 'B2': 1, 'B3': 0, 'C0': 2, 'C1': 0, 'C2': 0, 'C3': 1, 'D0': 0, 'D1': 1, 'D2': 0, 'D3': 1}, 
1350.0, {'A0': -30.0, 'A1': -7.0, 'A2': -3.0, 'A3': 0, 'B0': 0, 'B1': 0, 'B2': -5.0, 'B3': 0, 'C0': -7.0, 'C1': -8.0, 'C2': 0, 'C3': 0, 'D0': 0, 'D1': 0, 'D2': 0, 'D3': -8.0}, {'A0': 1, 'A1': 1, 'A2': 1, 'A3': 0, 'B0': 0, 'B1': 0, 'B2': 1, 'B3': 0, 'C0': 1, 'C1': 1, 'C2': 0, 'C3': 0, 'D0': 0, 'D1': 0, 'D2': 0, 'D3': 1}, {'A0': 1, 'A1': 1, 'A2': 1, 'A3': 0, 'B0': 0, 'B1': 0, 'B2': 1, 'B3': 0, 'C0': 1, 'C1': 1, 'C2': 0, 'C3': 0, 'D0': 0, 'D1': 0, 'D2': 0, 'D3': 1}, 
1360.0, {'A0': -9.0, 'A1': 0, 'A2': 0, 'A3': 0, 'B0': -5.0, 'B1': 0, 'B2': 0, 'B3': 0, 'C0': 0, 'C1': 0, 'C2': 0, 'C3': -15.0, 'D0': 0, 'D1': 0, 'D2': 0, 'D3': 0}, {'A0': 1, 'A1': 0, 'A2': 0, 'A3': 0, 'B0': 1, 'B1': 0, 'B2': 0, 'B3': 0, 'C0': 0, 'C1': 0, 'C2': 0, 'C3': 1, 'D0': 0, 'D1': 0, 'D2': 0, 'D3': 0}, {'A0': 1, 'A1': 0, 'A2': 0, 'A3': 0, 'B0': 1, 'B1': 0, 'B2': 0, 'B3': 0, 'C0': 0, 'C1': 0, 'C2': 0, 'C3': 2, 'D0': 0, 'D1': 0, 'D2': 0, 'D3': 0}, 
1370.0, {'A0': 0, 'A1': 0, 'A2': 0, 'A3': -17.0, 'B0': 0, 'B1': 0, 'B2': 0, 'B3': -6.0, 'C0': 0, 'C1': -1.0, 'C2': 0, 'C3': -11.0, 'D0': -8.0, 'D1': -10.0, 'D2': 0, 'D3': 0}, {'A0': 0, 'A1': 0, 'A2': 0, 'A3': 1, 'B0': 0, 'B1': 0, 'B2': 0, 'B3': 1, 'C0': 0, 'C1': 1, 'C2': 0, 'C3': 2, 'D0': 1, 'D1': 1, 'D2': 0, 'D3': 0}, {'A0': 0, 'A1': 0, 'A2': 0, 'A3': 2, 'B0': 0, 'B1': 0, 'B2': 0, 'B3': 1, 'C0': 0, 'C1': 1, 'C2': 0, 'C3': 2, 'D0': 1, 'D1': 1, 'D2': 0, 'D3': 0}, 
1380.0, {'A0': 0, 'A1': 0, 'A2': -10.0, 'A3': -28.0, 'B0': -14.0, 'B1': 0, 'B2': 0, 'B3': 0, 'C0': 0, 'C1': 0, 'C2': -6.0, 'C3': 0, 'D0': 0, 'D1': -20.0, 'D2': 0, 'D3': 0}, {'A0': 0, 'A1': 0, 'A2': 1, 'A3': 1, 'B0': 2, 'B1': 0, 'B2': 0, 'B3': 0, 'C0': 0, 'C1': 0, 'C2': 1, 'C3': 0, 'D0': 0, 'D1': 1, 'D2': 0, 'D3': 0}, {'A0': 0, 'A1': 0, 'A2': 1, 'A3': 3, 'B0': 2, 'B1': 0, 'B2': 0, 'B3': 0, 'C0': 0, 'C1': 0, 'C2': 1, 'C3': 0, 'D0': 0, 'D1': 1, 'D2': 0, 'D3': 0}, 
1390.0, {'A0': 0, 'A1': 0, 'A2': -6.0, 'A3': -28.0, 'B0': 0, 'B1': -10.0, 'B2': -9.0, 'B3': 0, 'C0': 0, 'C1': -4.0, 'C2': 0, 'C3': 0, 'D0': 0, 'D1': 0, 'D2': -3.0, 'D3': 0}, {'A0': 0, 'A1': 0, 'A2': 1, 'A3': 1, 'B0': 0, 'B1': 1, 'B2': 1, 'B3': 0, 'C0': 0, 'C1': 1, 'C2': 0, 'C3': 0, 'D0': 0, 'D1': 0, 'D2': 1, 'D3': 0}, {'A0': 0, 'A1': 0, 'A2': 1, 'A3': 1, 'B0': 0, 'B1': 1, 'B2': 2, 'B3': 0, 'C0': 0, 'C1': 1, 'C2': 0, 'C3': 0, 'D0': 0, 'D1': 0, 'D2': 1, 'D3': 0}, 
1400.0, {'A0': 0, 'A1': 0, 'A2': -16.0, 'A3': -5.0, 'B0': -9.0, 'B1': 0, 'B2': -18.0, 'B3': -10.0, 'C0': -10.0, 'C1': -14.0, 'C2': 0, 'C3': 0, 'D0': 0, 'D1': 0, 'D2': 0, 'D3': -10.0}, {'A0': 0, 'A1': 0, 'A2': 2, 'A3': 2, 'B0': 1, 'B1': 0, 'B2': 1, 'B3': 1, 'C0': 1, 'C1': 1, 'C2': 0, 'C3': 0, 'D0': 0, 'D1': 0, 'D2': 0, 'D3': 2}, {'A0': 0, 'A1': 0, 'A2': 2, 'A3': 2, 'B0': 1, 'B1': 0, 'B2': 1, 'B3': 2, 'C0': 1, 'C1': 2, 'C2': 0, 'C3': 0, 'D0': 0, 'D1': 0, 'D2': 0, 'D3': 3}, 
1410.0, {'A0': 0, 'A1': 0, 'A2': -8.0, 'A3': -9.0, 'B0': -12.0, 'B1': 0, 'B2': -1.0, 'B3': -23.0, 'C0': 0, 'C1': -19.0, 'C2': -10.0, 'C3': -6.0, 'D0': 0, 'D1': -9.0, 'D2': -8.0, 'D3': -20.0}, {'A0': 0, 'A1': 0, 'A2': 1, 'A3': 2, 'B0': 1, 'B1': 0, 'B2': 1, 'B3': 1, 'C0': 0, 'C1': 1, 'C2': 1, 'C3': 1, 'D0': 0, 'D1': 1, 'D2': 1, 'D3': 1}, {'A0': 0, 'A1': 0, 'A2': 1, 'A3': 2, 'B0': 2, 'B1': 0, 'B2': 1, 'B3': 2, 'C0': 0, 'C1': 1, 'C2': 2, 'C3': 1, 'D0': 0, 'D1': 1, 'D2': 1, 'D3': 2}, 
1420.0, {'A0': -15.0, 'A1': -6.0, 'A2': 0, 'A3': 0, 'B0': -21.0, 'B1': 0, 'B2': -11.0, 'B3': -27.0, 'C0': 0, 'C1': -39.0, 'C2': -18.0, 'C3': 0, 'D0': -7.0, 'D1': 0, 'D2': -8.0, 'D3': -19.0}, {'A0': 2, 'A1': 1, 'A2': 0, 'A3': 0, 'B0': 1, 'B1': 0, 'B2': 1, 'B3': 1, 'C0': 0, 'C1': 1, 'C2': 1, 'C3': 0, 'D0': 1, 'D1': 0, 'D2': 1, 'D3': 1}, {'A0': 2, 'A1': 1, 'A2': 0, 'A3': 0, 'B0': 2, 'B1': 0, 'B2': 1, 'B3': 1, 'C0': 0, 'C1': 2, 'C2': 1, 'C3': 0, 'D0': 1, 'D1': 0, 'D2': 2, 'D3': 1}, 
1430.0, {'A0': -10.0, 'A1': -1.0, 'A2': 0, 'A3': 0, 'B0': -33.0, 'B1': -8.0, 'B2': -21.0, 'B3': 0, 'C0': 0, 'C1': -20.0, 'C2': -44.0, 'C3': 0, 'D0': 0, 'D1': -2.0, 'D2': 0, 'D3': 0}, {'A0': 2, 'A1': 1, 'A2': 0, 'A3': 0, 'B0': 1, 'B1': 1, 'B2': 1, 'B3': 0, 'C0': 0, 'C1': 1, 'C2': 2, 'C3': 0, 'D0': 0, 'D1': 1, 'D2': 0, 'D3': 0}, {'A0': 2, 'A1': 1, 'A2': 0, 'A3': 0, 'B0': 2, 'B1': 1, 'B2': 1, 'B3': 0, 'C0': 0, 'C1': 1, 'C2': 4, 'C3': 0, 'D0': 0, 'D1': 1, 'D2': 0, 'D3': 0}, 
1440.0, {'A0': 0, 'A1': -2.0, 'A2': 0, 'A3': -8.0, 'B0': 0, 'B1': 0, 'B2': -31.0, 'B3': 0, 'C0': 0, 'C1': 0, 'C2': -34.0, 'C3': -16.0, 'D0': 0, 'D1': -29.0, 'D2': 0, 'D3': 0}, {'A0': 0, 'A1': 1, 'A2': 0, 'A3': 1, 'B0': 0, 'B1': 0, 'B2': 1, 'B3': 0, 'C0': 0, 'C1': 0, 'C2': 2, 'C3': 2, 'D0': 0, 'D1': 2, 'D2': 0, 'D3': 0}, {'A0': 0, 'A1': 1, 'A2': 0, 'A3': 1, 'B0': 0, 'B1': 0, 'B2': 1, 'B3': 0, 'C0': 0, 'C1': 0, 'C2': 2, 'C3': 3, 'D0': 0, 'D1': 3, 'D2': 0, 'D3': 0}, 
1450.0, {'A0': -19.0, 'A1': 0, 'A2': -7.0, 'A3': 0, 'B0': 0, 'B1': -6.0, 'B2': 0, 'B3': -12.0, 'C0': 0, 'C1': 0, 'C2': 0, 'C3': 0, 'D0': 0, 'D1': -19.0, 'D2': 0, 'D3': -4.0}, {'A0': 1, 'A1': 0, 'A2': 1, 'A3': 0, 'B0': 0, 'B1': 1, 'B2': 0, 'B3': 2, 'C0': 0, 'C1': 0, 'C2': 0, 'C3': 0, 'D0': 0, 'D1': 1, 'D2': 0, 'D3': 1}, {'A0': 2, 'A1': 0, 'A2': 1, 'A3': 0, 'B0': 0, 'B1': 1, 'B2': 0, 'B3': 2, 'C0': 0, 'C1': 0, 'C2': 0, 'C3': 0, 'D0': 0, 'D1': 2, 'D2': 0, 'D3': 1}, 
1460.0, {'A0': -12.0, 'A1': 0, 'A2': 0, 'A3': -23.0, 'B0': -6.0, 'B1': -10.0, 'B2': -8.0, 'B3': -8.0, 'C0': -7.0, 'C1': 0, 'C2': 0, 'C3': -15.0, 'D0': -10.0, 'D1': -28.0, 'D2': -1.0, 'D3': -10.0}, {'A0': 1, 'A1': 0, 'A2': 0, 'A3': 1, 'B0': 1, 'B1': 1, 'B2': 1, 'B3': 1, 'C0': 1, 'C1': 0, 'C2': 0, 'C3': 2, 'D0': 1, 'D1': 1, 'D2': 1, 'D3': 1}, {'A0': 2, 'A1': 0, 'A2': 0, 'A3': 3, 'B0': 1, 'B1': 2, 'B2': 1, 'B3': 2, 'C0': 1, 'C1': 0, 'C2': 0, 'C3': 2, 'D0': 1, 'D1': 1, 'D2': 1, 'D3': 1}, 
1470.0, {'A0': -32.0, 'A1': -19.0, 'A2': -10.0, 'A3': -33.0, 'B0': -1.0, 'B1': -28.0, 'B2': 0, 'B3': -32.0, 'C0': -26.0, 'C1': 0, 'C2': 0, 'C3': 0, 'D0': 0, 'D1': -14.0, 'D2': -5.0, 'D3': 0}, {'A0': 2, 'A1': 1, 'A2': 1, 'A3': 1, 'B0': 1, 'B1': 1, 'B2': 0, 'B3': 2, 'C0': 1, 'C1': 0, 'C2': 0, 'C3': 0, 'D0': 0, 'D1': 1, 'D2': 1, 'D3': 0}, {'A0': 3, 'A1': 2, 'A2': 1, 'A3': 2, 'B0': 1, 'B1': 2, 'B2': 0, 'B3': 3, 'C0': 2, 'C1': 0, 'C2': 0, 'C3': 0, 'D0': 0, 'D1': 2, 'D2': 1, 'D3': 0}, 
1480.0, {'A0': -28.0, 'A1': 0, 'A2': 0, 'A3': -26.0, 'B0': 0, 'B1': -28.0, 'B2': 0, 'B3': -13.0, 'C0': 0, 'C1': -22.0, 'C2': -9.0, 'C3': 0, 'D0': 0, 'D1': -15.0, 'D2': 0, 'D3': -14.0}, {'A0': 1, 'A1': 0, 'A2': 0, 'A3': 1, 'B0': 0, 'B1': 1, 'B2': 0, 'B3': 1, 'C0': 0, 'C1': 2, 'C2': 1, 'C3': 0, 'D0': 0, 'D1': 1, 'D2': 0, 'D3': 1}, {'A0': 3, 'A1': 0, 'A2': 0, 'A3': 1, 'B0': 0, 'B1': 1, 'B2': 0, 'B3': 2, 'C0': 0, 'C1': 3, 'C2': 1, 'C3': 0, 'D0': 0, 'D1': 1, 'D2': 0, 'D3': 3}, 
1490.0, {'A0': -19.0, 'A1': -3.0, 'A2': 0, 'A3': -19.0, 'B0': -9.0, 'B1': 0, 'B2': -8.0, 'B3': -18.0, 'C0': -5.0, 'C1': -6.0, 'C2': 0, 'C3': 0, 'D0': -12.0, 'D1': 0, 'D2': -6.0, 'D3': -15.0}, {'A0': 1, 'A1': 1, 'A2': 0, 'A3': 1, 'B0': 1, 'B1': 0, 'B2': 1, 'B3': 1, 'C0': 1, 'C1': 1, 'C2': 0, 'C3': 0, 'D0': 1, 'D1': 0, 'D2': 1, 'D3': 1}, {'A0': 1, 'A1': 1, 'A2': 0, 'A3': 2, 'B0': 1, 'B1': 0, 'B2': 1, 'B3': 1, 'C0': 1, 'C1': 2, 'C2': 0, 'C3': 0, 'D0': 2, 'D1': 0, 'D2': 1, 'D3': 1}, 
1500.0, {'A0': -9.0, 'A1': -2.0, 'A2': -6.0, 'A3': -20.0, 'B0': -34.0, 'B1': -21.0, 'B2': 0, 'B3': 0, 'C0': -5.0, 'C1': 0, 'C2': 0, 'C3': -8.0, 'D0': -1.0, 'D1': -2.0, 'D2': 0, 'D3': -17.0}, {'A0': 1, 'A1': 1, 'A2': 1, 'A3': 1, 'B0': 2, 'B1': 3, 'B2': 0, 'B3': 0, 'C0': 1, 'C1': 0, 'C2': 0, 'C3': 1, 'D0': 1, 'D1': 1, 'D2': 0, 'D3': 1}, {'A0': 1, 'A1': 1, 'A2': 1, 'A3': 3, 'B0': 3, 'B1': 4, 'B2': 0, 'B3': 0, 'C0': 1, 'C1': 0, 'C2': 0, 'C3': 2, 'D0': 1, 'D1': 1, 'D2': 0, 'D3': 3}, 
1510.0, {'A0': 0, 'A1': 0, 'A2': -23.0, 'A3': -27.0, 'B0': -81.0, 'B1': -4.0, 'B2': -10.0, 'B3': 0, 'C0': -5.0, 'C1': 0, 'C2': 0, 'C3': -26.0, 'D0': -6.0, 'D1': -2.0, 'D2': -9.0, 'D3': -17.0}, {'A0': 0, 'A1': 0, 'A2': 3, 'A3': 1, 'B0': 4, 'B1': 1, 'B2': 1, 'B3': 0, 'C0': 1, 'C1': 0, 'C2': 0, 'C3': 1, 'D0': 1, 'D1': 1, 'D2': 1, 'D3': 1}, {'A0': 0, 'A1': 0, 'A2': 4, 'A3': 1, 'B0': 7, 'B1': 1, 'B2': 1, 'B3': 0, 'C0': 1, 'C1': 0, 'C2': 0, 'C3': 2, 'D0': 1, 'D1': 1, 'D2': 1, 'D3': 1}, 
1520.0, {'A0': -14.0, 'A1': -9.0, 'A2': -11.0, 'A3': -3.0, 'B0': -71.0, 'B1': -15.0, 'B2': 0, 'B3': 0, 'C0': -15.0, 'C1': 0, 'C2': 0, 'C3': -15.0, 'D0': 0, 'D1': -12.0, 'D2': -2.0, 'D3': 0}, {'A0': 1, 'A1': 1, 'A2': 1, 'A3': 1, 'B0': 2, 'B1': 4, 'B2': 0, 'B3': 0, 'C0': 1, 'C1': 0, 'C2': 0, 'C3': 1, 'D0': 0, 'D1': 1, 'D2': 1, 'D3': 0}, {'A0': 1, 'A1': 1, 'A2': 1, 'A3': 1, 'B0': 5, 'B1': 4, 'B2': 0, 'B3': 0, 'C0': 1, 'C1': 0, 'C2': 0, 'C3': 3, 'D0': 0, 'D1': 1, 'D2': 1, 'D3': 0}, 
1530.0, {'A0': 0, 'A1': 0, 'A2': -9.0, 'A3': 0, 'B0': -45.0, 'B1': -22.0, 'B2': -10.0, 'B3': 0, 'C0': -25.0, 'C1': 0, 'C2': -8.0, 'C3': -10.0, 'D0': -13.0, 'D1': -9.0, 'D2': -3.0, 'D3': -29.0}, {'A0': 0, 'A1': 0, 'A2': 1, 'A3': 0, 'B0': 1, 'B1': 1, 'B2': 1, 'B3': 0, 'C0': 1, 'C1': 0, 'C2': 1, 'C3': 1, 'D0': 1, 'D1': 1, 'D2': 1, 'D3': 1}, {'A0': 0, 'A1': 0, 'A2': 1, 'A3': 0, 'B0': 2, 'B1': 3, 'B2': 1, 'B3': 0, 'C0': 1, 'C1': 0, 'C2': 1, 'C3': 2, 'D0': 2, 'D1': 2, 'D2': 1, 'D3': 1}, 
1540.0, {'A0': -2.0, 'A1': -42.0, 'A2': -6.0, 'A3': -8.0, 'B0': -41.0, 'B1': -43.0, 'B2': -20.0, 'B3': -20.0, 'C0': -39.0, 'C1': -10.0, 'C2': 0, 'C3': 0, 'D0': -6.0, 'D1': -16.0, 'D2': -18.0, 'D3': 0}, {'A0': 1, 'A1': 3, 'A2': 1, 'A3': 2, 'B0': 2, 'B1': 2, 'B2': 1, 'B3': 1, 'C0': 1, 'C1': 1, 'C2': 0, 'C3': 0, 'D0': 1, 'D1': 1, 'D2': 1, 'D3': 0}, {'A0': 1, 'A1': 5, 'A2': 1, 'A3': 2, 'B0': 2, 'B1': 3, 'B2': 1, 'B3': 3, 'C0': 2, 'C1': 1, 'C2': 0, 'C3': 0, 'D0': 1, 'D1': 2, 'D2': 2, 'D3': 0}, 
1550.0, {'A0': -8.0, 'A1': -14.0, 'A2': -24.0, 'A3': -2.0, 'B0': 0, 'B1': -46.0, 'B2': 0, 'B3': -33.0, 'C0': -45.0, 'C1': 0, 'C2': 0, 'C3': 0, 'D0': -8.0, 'D1': -11.0, 'D2': -30.0, 'D3': -3.0}, {'A0': 1, 'A1': 3, 'A2': 1, 'A3': 1, 'B0': 0, 'B1': 2, 'B2': 0, 'B3': 2, 'C0': 1, 'C1': 0, 'C2': 0, 'C3': 0, 'D0': 1, 'D1': 1, 'D2': 1, 'D3': 1}, {'A0': 2, 'A1': 4, 'A2': 2, 'A3': 1, 'B0': 0, 'B1': 2, 'B2': 0, 'B3': 4, 'C0': 1, 'C1': 0, 'C2': 0, 'C3': 0, 'D0': 1, 'D1': 1, 'D2': 2, 'D3': 2}, 
1560.0, {'A0': 0, 'A1': -29.0, 'A2': -18.0, 'A3': 0, 'B0': 0, 'B1': -30.0, 'B2': 0, 'B3': -24.0, 'C0': 0, 'C1': 0, 'C2': 0, 'C3': 0, 'D0': -9.0, 'D1': -12.0, 'D2': 0, 'D3': 0}, {'A0': 0, 'A1': 3, 'A2': 1, 'A3': 0, 'B0': 0, 'B1': 2, 'B2': 0, 'B3': 1, 'C0': 0, 'C1': 0, 'C2': 0, 'C3': 0, 'D0': 1, 'D1': 2, 'D2': 0, 'D3': 0}, {'A0': 0, 'A1': 4, 'A2': 1, 'A3': 0, 'B0': 0, 'B1': 4, 'B2': 0, 'B3': 1, 'C0': 0, 'C1': 0, 'C2': 0, 'C3': 0, 'D0': 2, 'D1': 2, 'D2': 0, 'D3': 0}, 
1570.0, {'A0': -7.0, 'A1': -22.0, 'A2': 0, 'A3': -3.0, 'B0': 0, 'B1': 0, 'B2': -15.0, 'B3': 0, 'C0': -10.0, 'C1': 0, 'C2': 0, 'C3': -20.0, 'D0': -25.0, 'D1': 0, 'D2': 0, 'D3': 0}, {'A0': 1, 'A1': 1, 'A2': 0, 'A3': 1, 'B0': 0, 'B1': 0, 'B2': 1, 'B3': 0, 'C0': 1, 'C1': 0, 'C2': 0, 'C3': 3, 'D0': 3, 'D1': 0, 'D2': 0, 'D3': 0}, {'A0': 2, 'A1': 1, 'A2': 0, 'A3': 1, 'B0': 0, 'B1': 0, 'B2': 2, 'B3': 0, 'C0': 1, 'C1': 0, 'C2': 0, 'C3': 3, 'D0': 5, 'D1': 0, 'D2': 0, 'D3': 0}, 
1580.0, {'A0': -30.0, 'A1': -22.0, 'A2': 0, 'A3': -37.0, 'B0': -2.0, 'B1': -8.0, 'B2': -25.0, 'B3': 0, 'C0': 0, 'C1': -7.0, 'C2': -5.0, 'C3': -6.0, 'D0': -28.0, 'D1': -8.0, 'D2': -16.0, 'D3': -4.0}, {'A0': 2, 'A1': 2, 'A2': 0, 'A3': 2, 'B0': 1, 'B1': 1, 'B2': 1, 'B3': 0, 'C0': 0, 'C1': 2, 'C2': 1, 'C3': 1, 'D0': 1, 'D1': 1, 'D2': 1, 'D3': 1}, {'A0': 3, 'A1': 4, 'A2': 0, 'A3': 2, 'B0': 1, 'B1': 1, 'B2': 2, 'B3': 0, 'C0': 0, 'C1': 2, 'C2': 1, 'C3': 1, 'D0': 2, 'D1': 1, 'D2': 2, 'D3': 1}, 
1590.0, {'A0': -18.0, 'A1': -19.0, 'A2': -5.0, 'A3': -8.0, 'B0': -10.0, 'B1': -18.0, 'B2': -28.0, 'B3': -17.0, 'C0': -5.0, 'C1': 0, 'C2': -23.0, 'C3': -9.0, 'D0': -4.0, 'D1': -13.0, 'D2': 0, 'D3': -10.0}, {'A0': 3, 'A1': 1, 'A2': 1, 'A3': 2, 'B0': 1, 'B1': 1, 'B2': 1, 'B3': 1, 'C0': 1, 'C1': 0, 'C2': 1, 'C3': 1, 'D0': 1, 'D1': 1, 'D2': 0, 'D3': 1}, {'A0': 4, 'A1': 1, 'A2': 1, 'A3': 2, 'B0': 1, 'B1': 1, 'B2': 2, 'B3': 2, 'C0': 1, 'C1': 0, 'C2': 2, 'C3': 1, 'D0': 2, 'D1': 3, 'D2': 0, 'D3': 1}, 
1600.0, {'A0': 0, 'A1': 0, 'A2': -21.0, 'A3': -10.0, 'B0': -16.0, 'B1': 0, 'B2': -12.0, 'B3': -19.0, 'C0': -15.0, 'C1': 0, 'C2': 0, 'C3': 0, 'D0': -49.0, 'D1': -19.0, 'D2': 0, 'D3': -3.0}, {'A0': 0, 'A1': 0, 'A2': 1, 'A3': 1, 'B0': 1, 'B1': 0, 'B2': 1, 'B3': 2, 'C0': 1, 'C1': 0, 'C2': 0, 'C3': 0, 'D0': 3, 'D1': 2, 'D2': 0, 'D3': 1}, {'A0': 0, 'A1': 0, 'A2': 2, 'A3': 1, 'B0': 3, 'B1': 0, 'B2': 1, 'B3': 2, 'C0': 1, 'C1': 0, 'C2': 0, 'C3': 0, 'D0': 6, 'D1': 3, 'D2': 0, 'D3': 2}, 
1610.0, {'A0': -4.0, 'A1': 0, 'A2': 0, 'A3': -1.0, 'B0': -11.0, 'B1': 0, 'B2': 0, 'B3': 0, 'C0': -25.0, 'C1': -7.0, 'C2': 0, 'C3': 0, 'D0': -16.0, 'D1': -21.0, 'D2': 0, 'D3': -15.0}, {'A0': 1, 'A1': 0, 'A2': 0, 'A3': 1, 'B0': 1, 'B1': 0, 'B2': 0, 'B3': 0, 'C0': 1, 'C1': 1, 'C2': 0, 'C3': 0, 'D0': 1, 'D1': 1, 'D2': 0, 'D3': 2}, {'A0': 1, 'A1': 0, 'A2': 0, 'A3': 1, 'B0': 1, 'B1': 0, 'B2': 0, 'B3': 0, 'C0': 1, 'C1': 1, 'C2': 0, 'C3': 0, 'D0': 1, 'D1': 2, 'D2': 0, 'D3': 2}, 
1620.0, {'A0': -4.0, 'A1': -4.0, 'A2': 0, 'A3': 0, 'B0': 0, 'B1': -23.0, 'B2': 0, 'B3': 0, 'C0': -49.0, 'C1': 0, 'C2': -5.0, 'C3': -10.0, 'D0': -4.0, 'D1': -34.0, 'D2': -15.0, 'D3': -9.0}, {'A0': 1, 'A1': 1, 'A2': 0, 'A3': 0, 'B0': 0, 'B1': 2, 'B2': 0, 'B3': 0, 'C0': 2, 'C1': 0, 'C2': 1, 'C3': 2, 'D0': 1, 'D1': 1, 'D2': 2, 'D3': 1}, {'A0': 1, 'A1': 1, 'A2': 0, 'A3': 0, 'B0': 0, 'B1': 4, 'B2': 0, 'B3': 0, 'C0': 3, 'C1': 0, 'C2': 1, 'C3': 2, 'D0': 1, 'D1': 2, 'D2': 2, 'D3': 1}, 
1630.0, {'A0': -20.0, 'A1': -1.0, 'A2': -11.0, 'A3': -10.0, 'B0': -6.0, 'B1': 0, 'B2': -9.0, 'B3': 0, 'C0': -45.0, 'C1': -1.0, 'C2': 0, 'C3': 0, 'D0': -3.0, 'D1': -34.0, 'D2': 0, 'D3': -6.0}, {'A0': 1, 'A1': 1, 'A2': 1, 'A3': 1, 'B0': 1, 'B1': 0, 'B2': 1, 'B3': 0, 'C0': 1, 'C1': 1, 'C2': 0, 'C3': 0, 'D0': 1, 'D1': 1, 'D2': 0, 'D3': 1}, {'A0': 3, 'A1': 1, 'A2': 2, 'A3': 1, 'B0': 1, 'B1': 0, 'B2': 1, 'B3': 0, 'C0': 1, 'C1': 1, 'C2': 0, 'C3': 0, 'D0': 1, 'D1': 1, 'D2': 0, 'D3': 1}, 
1640.0, {'A0': -30.0, 'A1': -12.0, 'A2': -24.0, 'A3': 0, 'B0': -2.0, 'B1': 0, 'B2': -6.0, 'B3': 0, 'C0': -10.0, 'C1': -10.0, 'C2': 0, 'C3': -11.0, 'D0': 0, 'D1': -6.0, 'D2': 0, 'D3': -8.0}, {'A0': 1, 'A1': 1, 'A2': 2, 'A3': 0, 'B0': 1, 'B1': 0, 'B2': 2, 'B3': 0, 'C0': 1, 'C1': 1, 'C2': 0, 'C3': 1, 'D0': 0, 'D1': 1, 'D2': 0, 'D3': 1}, {'A0': 2, 'A1': 2, 'A2': 3, 'A3': 0, 'B0': 1, 'B1': 0, 'B2': 2, 'B3': 0, 'C0': 1, 'C1': 2, 'C2': 0, 'C3': 2, 'D0': 0, 'D1': 1, 'D2': 0, 'D3': 1}, 
1650.0, {'A0': -28.0, 'A1': 0, 'A2': -41.0, 'A3': -9.0, 'B0': -16.0, 'B1': -9.0, 'B2': -5.0, 'B3': 0, 'C0': 0, 'C1': -16.0, 'C2': 0, 'C3': -9.0, 'D0': 0, 'D1': -25.0, 'D2': -2.0, 'D3': -8.0}, {'A0': 2, 'A1': 0, 'A2': 2, 'A3': 1, 'B0': 3, 'B1': 1, 'B2': 1, 'B3': 0, 'C0': 0, 'C1': 1, 'C2': 0, 'C3': 2, 'D0': 0, 'D1': 1, 'D2': 1, 'D3': 1}, {'A0': 2, 'A1': 0, 'A2': 2, 'A3': 1, 'B0': 5, 'B1': 1, 'B2': 1, 'B3': 0, 'C0': 0, 'C1': 1, 'C2': 0, 'C3': 2, 'D0': 0, 'D1': 2, 'D2': 2, 'D3': 1}, 
1660.0, {'A0': -11.0, 'A1': -5.0, 'A2': -14.0, 'A3': -5.0, 'B0': -14.0, 'B1': -2.0, 'B2': -8.0, 'B3': -16.0, 'C0': -1.0, 'C1': 0, 'C2': -12.0, 'C3': 0, 'D0': -22.0, 'D1': -28.0, 'D2': -16.0, 'D3': -17.0}, {'A0': 2, 'A1': 1, 'A2': 1, 'A3': 1, 'B0': 2, 'B1': 1, 'B2': 1, 'B3': 2, 'C0': 1, 'C1': 0, 'C2': 1, 'C3': 0, 'D0': 2, 'D1': 3, 'D2': 1, 'D3': 1}, {'A0': 2, 'A1': 1, 'A2': 2, 'A3': 1, 'B0': 3, 'B1': 1, 'B2': 1, 'B3': 2, 'C0': 1, 'C1': 0, 'C2': 2, 'C3': 0, 'D0': 4, 'D1': 3, 'D2': 2, 'D3': 3}, 
1670.0, {'A0': -29.0, 'A1': 0, 'A2': -20.0, 'A3': 0, 'B0': -2.0, 'B1': 0, 'B2': -25.0, 'B3': 0, 'C0': -14.0, 'C1': 0, 'C2': -17.0, 'C3': -10.0, 'D0': -20.0, 'D1': -8.0, 'D2': -2.0, 'D3': -21.0}, {'A0': 1, 'A1': 0, 'A2': 1, 'A3': 0, 'B0': 1, 'B1': 0, 'B2': 1, 'B3': 0, 'C0': 2, 'C1': 0, 'C2': 1, 'C3': 1, 'D0': 1, 'D1': 2, 'D2': 1, 'D3': 1}, {'A0': 2, 'A1': 0, 'A2': 1, 'A3': 0, 'B0': 1, 'B1': 0, 'B2': 2, 'B3': 0, 'C0': 2, 'C1': 0, 'C2': 1, 'C3': 2, 'D0': 2, 'D1': 2, 'D2': 1, 'D3': 2}, 
1680.0, {'A0': -22.0, 'A1': -7.0, 'A2': 0, 'A3': 0, 'B0': 0, 'B1': -10.0, 'B2': -28.0, 'B3': 0, 'C0': -2.0, 'C1': 0, 'C2': -28.0, 'C3': 0, 'D0': -25.0, 'D1': 0, 'D2': -9.0, 'D3': -12.0}, {'A0': 2, 'A1': 1, 'A2': 0, 'A3': 0, 'B0': 0, 'B1': 1, 'B2': 1, 'B3': 0, 'C0': 1, 'C1': 0, 'C2': 1, 'C3': 0, 'D0': 1, 'D1': 0, 'D2': 1, 'D3': 1}, {'A0': 4, 'A1': 1, 'A2': 0, 'A3': 0, 'B0': 0, 'B1': 1, 'B2': 1, 'B3': 0, 'C0': 1, 'C1': 0, 'C2': 2, 'C3': 0, 'D0': 2, 'D1': 0, 'D2': 1, 'D3': 2}, 
1690.0, {'A0': -9.0, 'A1': -15.0, 'A2': 0, 'A3': -3.0, 'B0': -15.0, 'B1': 0, 'B2': -5.0, 'B3': -8.0, 'C0': -1.0, 'C1': -5.0, 'C2': -9.0, 'C3': 0, 'D0': -12.0, 'D1': -7.0, 'D2': -19.0, 'D3': -23.0}, {'A0': 2, 'A1': 1, 'A2': 0, 'A3': 1, 'B0': 2, 'B1': 0, 'B2': 1, 'B3': 1, 'C0': 1, 'C1': 1, 'C2': 2, 'C3': 0, 'D0': 1, 'D1': 1, 'D2': 1, 'D3': 1}, {'A0': 2, 'A1': 1, 'A2': 0, 'A3': 1, 'B0': 2, 'B1': 0, 'B2': 1, 'B3': 1, 'C0': 1, 'C1': 1, 'C2': 2, 'C3': 0, 'D0': 2, 'D1': 1, 'D2': 1, 'D3': 2}, 
1700.0, {'A0': -13.0, 'A1': 0, 'A2': -10.0, 'A3': -30.0, 'B0': -3.0, 'B1': 0, 'B2': -1.0, 'B3': -13.0, 'C0': 0, 'C1': -15.0, 'C2': -1.0, 'C3': -6.0, 'D0': -40.0, 'D1': -17.0, 'D2': -3.0, 'D3': -29.0}, {'A0': 1, 'A1': 0, 'A2': 1, 'A3': 1, 'B0': 1, 'B1': 0, 'B2': 1, 'B3': 3, 'C0': 0, 'C1': 1, 'C2': 1, 'C3': 1, 'D0': 4, 'D1': 1, 'D2': 1, 'D3': 1}, {'A0': 2, 'A1': 0, 'A2': 1, 'A3': 3, 'B0': 1, 'B1': 0, 'B2': 1, 'B3': 3, 'C0': 0, 'C1': 2, 'C2': 1, 'C3': 1, 'D0': 5, 'D1': 1, 'D2': 1, 'D3': 1}, 
1710.0, {'A0': -4.0, 'A1': -17.0, 'A2': -13.0, 'A3': -19.0, 'B0': -20.0, 'B1': 0, 'B2': -9.0, 'B3': -8.0, 'C0': -5.0, 'C1': -19.0, 'C2': -3.0, 'C3': 0, 'D0': -20.0, 'D1': 0, 'D2': -7.0, 'D3': -1.0}, {'A0': 1, 'A1': 2, 'A2': 1, 'A3': 1, 'B0': 1, 'B1': 0, 'B2': 1, 'B3': 1, 'C0': 1, 'C1': 1, 'C2': 1, 'C3': 0, 'D0': 1, 'D1': 0, 'D2': 1, 'D3': 1}, {'A0': 1, 'A1': 4, 'A2': 2, 'A3': 1, 'B0': 3, 'B1': 0, 'B2': 1, 'B3': 1, 'C0': 1, 'C1': 1, 'C2': 1, 'C3': 0, 'D0': 2, 'D1': 0, 'D2': 1, 'D3': 1}, 
1720.0, {'A0': -9.0, 'A1': -13.0, 'A2': -27.0, 'A3': 0, 'B0': -19.0, 'B1': -6.0, 'B2': -8.0, 'B3': -18.0, 'C0': -39.0, 'C1': -9.0, 'C2': 0, 'C3': -13.0, 'D0': -22.0, 'D1': -4.0, 'D2': -8.0, 'D3': -3.0}, {'A0': 1, 'A1': 1, 'A2': 1, 'A3': 0, 'B0': 1, 'B1': 1, 'B2': 1, 'B3': 1, 'C0': 2, 'C1': 1, 'C2': 0, 'C3': 1, 'D0': 1, 'D1': 1, 'D2': 1, 'D3': 1}, {'A0': 1, 'A1': 1, 'A2': 2, 'A3': 0, 'B0': 1, 'B1': 1, 'B2': 1, 'B3': 1, 'C0': 5, 'C1': 1, 'C2': 0, 'C3': 2, 'D0': 2, 'D1': 1, 'D2': 1, 'D3': 1}, 
1730.0, {'A0': -10.0, 'A1': -17.0, 'A2': -17.0, 'A3': -5.0, 'B0': 0, 'B1': 0, 'B2': -20.0, 'B3': -9.0, 'C0': -27.0, 'C1': 0, 'C2': 0, 'C3': -21.0, 'D0': -32.0, 'D1': -11.0, 'D2': -4.0, 'D3': -2.0}, {'A0': 1, 'A1': 2, 'A2': 1, 'A3': 1, 'B0': 0, 'B1': 0, 'B2': 2, 'B3': 2, 'C0': 2, 'C1': 0, 'C2': 0, 'C3': 2, 'D0': 1, 'D1': 1, 'D2': 1, 'D3': 1}, {'A0': 1, 'A1': 4, 'A2': 1, 'A3': 1, 'B0': 0, 'B1': 0, 'B2': 3, 'B3': 2, 'C0': 2, 'C1': 0, 'C2': 0, 'C3': 2, 'D0': 2, 'D1': 2, 'D2': 1, 'D3': 1}, 
1740.0, {'A0': -10.0, 'A1': -11.0, 'A2': -27.0, 'A3': -13.0, 'B0': 0, 'B1': 0, 'B2': -15.0, 'B3': -24.0, 'C0': -23.0, 'C1': -12.0, 'C2': -6.0, 'C3': 0, 'D0': -9.0, 'D1': -17.0, 'D2': -1.0, 'D3': 0}, {'A0': 1, 'A1': 1, 'A2': 1, 'A3': 1, 'B0': 0, 'B1': 0, 'B2': 2, 'B3': 1, 'C0': 3, 'C1': 1, 'C2': 1, 'C3': 0, 'D0': 1, 'D1': 1, 'D2': 1, 'D3': 0}, {'A0': 2, 'A1': 1, 'A2': 1, 'A3': 2, 'B0': 0, 'B1': 0, 'B2': 3, 'B3': 3, 'C0': 6, 'C1': 2, 'C2': 1, 'C3': 0, 'D0': 2, 'D1': 3, 'D2': 1, 'D3': 0}, 
1750.0, {'A0': -11.0, 'A1': -11.0, 'A2': -10.0, 'A3': -27.0, 'B0': 0, 'B1': -7.0, 'B2': -7.0, 'B3': -41.0, 'C0': -63.0, 'C1': 0, 'C2': 0, 'C3': -8.0, 'D0': -18.0, 'D1': -16.0, 'D2': 0, 'D3': -1.0}, {'A0': 1, 'A1': 2, 'A2': 2, 'A3': 1, 'B0': 0, 'B1': 1, 'B2': 1, 'B3': 1, 'C0': 4, 'C1': 0, 'C2': 0, 'C3': 1, 'D0': 1, 'D1': 1, 'D2': 0, 'D3': 1}, {'A0': 2, 'A1': 3, 'A2': 3, 'A3': 2, 'B0': 0, 'B1': 1, 'B2': 1, 'B3': 3, 'C0': 7, 'C1': 0, 'C2': 0, 'C3': 1, 'D0': 1, 'D1': 1, 'D2': 0, 'D3': 1}, 
1760.0, {'A0': -21.0, 'A1': -9.0, 'A2': -17.0, 'A3': -27.0, 'B0': -23.0, 'B1': -6.0, 'B2': -7.0, 'B3': -43.0, 'C0': -74.0, 'C1': -8.0, 'C2': -10.0, 'C3': -15.0, 'D0': -17.0, 'D1': -17.0, 'D2': 0, 'D3': 0}, {'A0': 2, 'A1': 1, 'A2': 1, 'A3': 1, 'B0': 3, 'B1': 2, 'B2': 1, 'B3': 1, 'C0': 3, 'C1': 1, 'C2': 1, 'C3': 1, 'D0': 1, 'D1': 1, 'D2': 0, 'D3': 0}, {'A0': 3, 'A1': 1, 'A2': 2, 'A3': 1, 'B0': 4, 'B1': 3, 'B2': 1, 'B3': 3, 'C0': 5, 'C1': 1, 'C2': 1, 'C3': 2, 'D0': 2, 'D1': 3, 'D2': 0, 'D3': 0}, 
1770.0, {'A0': 0, 'A1': 0, 'A2': -49.0, 'A3': -37.0, 'B0': -22.0, 'B1': 0, 'B2': 0, 'B3': -40.0, 'C0': -33.0, 'C1': -28.0, 'C2': -9.0, 'C3': -8.0, 'D0': -18.0, 'D1': -24.0, 'D2': -8.0, 'D3': 0}, {'A0': 0, 'A1': 0, 'A2': 2, 'A3': 1, 'B0': 1, 'B1': 0, 'B2': 0, 'B3': 2, 'C0': 1, 'C1': 1, 'C2': 1, 'C3': 1, 'D0': 1, 'D1': 1, 'D2': 1, 'D3': 0}, {'A0': 0, 'A1': 0, 'A2': 5, 'A3': 1, 'B0': 2, 'B1': 0, 'B2': 0, 'B3': 3, 'C0': 2, 'C1': 2, 'C2': 1, 'C3': 1, 'D0': 1, 'D1': 2, 'D2': 1, 'D3': 0}, 
1780.0, {'A0': -8.0, 'A1': -18.0, 'A2': -23.0, 'A3': -56.0, 'B0': -64.0, 'B1': -14.0, 'B2': -10.0, 'B3': -31.0, 'C0': -32.0, 'C1': -27.0, 'C2': -22.0, 'C3': 0, 'D0': -38.0, 'D1': -28.0, 'D2': -1.0, 'D3': -15.0}, {'A0': 1, 'A1': 1, 'A2': 1, 'A3': 2, 'B0': 3, 'B1': 1, 'B2': 1, 'B3': 1, 'C0': 1, 'C1': 1, 'C2': 1, 'C3': 0, 'D0': 1, 'D1': 1, 'D2': 1, 'D3': 2}, {'A0': 2, 'A1': 3, 'A2': 2, 'A3': 2, 'B0': 6, 'B1': 2, 'B2': 1, 'B3': 2, 'C0': 1, 'C1': 2, 'C2': 2, 'C3': 0, 'D0': 2, 'D1': 2, 'D2': 1, 'D3': 4}, 
1790.0, {'A0': -12.0, 'A1': -17.0, 'A2': -39.0, 'A3': -10.0, 'B0': -57.0, 'B1': -27.0, 'B2': 0, 'B3': -2.0, 'C0': -52.0, 'C1': -52.0, 'C2': -29.0, 'C3': 0, 'D0': -67.0, 'D1': -47.0, 'D2': -1.0, 'D3': -20.0}, {'A0': 1, 'A1': 1, 'A2': 1, 'A3': 2, 'B0': 2, 'B1': 1, 'B2': 0, 'B3': 1, 'C0': 1, 'C1': 2, 'C2': 1, 'C3': 0, 'D0': 3, 'D1': 1, 'D2': 1, 'D3': 1}, {'A0': 1, 'A1': 1, 'A2': 4, 'A3': 3, 'B0': 2, 'B1': 3, 'B2': 0, 'B3': 1, 'C0': 3, 'C1': 5, 'C2': 1, 'C3': 0, 'D0': 5, 'D1': 2, 'D2': 1, 'D3': 1}, 
1800.0, {'A0': -25.0, 'A1': -27.0, 'A2': -69.0, 'A3': -6.0, 'B0': -24.0, 'B1': -27.0, 'B2': -14.0, 'B3': -6.0, 'C0': -70.0, 'C1': -17.0, 'C2': -10.0, 'C3': 0, 'D0': -48.0, 'D1': -47.0, 'D2': -11.0, 'D3': -58.0}, {'A0': 1, 'A1': 1, 'A2': 1, 'A3': 1, 'B0': 3, 'B1': 1, 'B2': 2, 'B3': 1, 'C0': 1, 'C1': 1, 'C2': 1, 'C3': 0, 'D0': 4, 'D1': 1, 'D2': 3, 'D3': 2}, {'A0': 2, 'A1': 1, 'A2': 5, 'A3': 1, 'B0': 5, 'B1': 2, 'B2': 2, 'B3': 1, 'C0': 2, 'C1': 1, 'C2': 2, 'C3': 0, 'D0': 6, 'D1': 1, 'D2': 3, 'D3': 4}, 
1810.0, {'A0': -15.0, 'A1': 0, 'A2': -42.0, 'A3': -9.0, 'B0': -23.0, 'B1': 0, 'B2': 0, 'B3': 0, 'C0': -78.0, 'C1': 0, 'C2': -9.0, 'C3': -29.0, 'D0': -10.0, 'D1': 0, 'D2': 0, 'D3': -30.0}, {'A0': 1, 'A1': 0, 'A2': 1, 'A3': 1, 'B0': 2, 'B1': 0, 'B2': 0, 'B3': 0, 'C0': 2, 'C1': 0, 'C2': 1, 'C3': 2, 'D0': 2, 'D1': 0, 'D2': 0, 'D3': 2}, {'A0': 2, 'A1': 0, 'A2': 3, 'A3': 1, 'B0': 2, 'B1': 0, 'B2': 0, 'B3': 0, 'C0': 3, 'C1': 0, 'C2': 2, 'C3': 4, 'D0': 3, 'D1': 0, 'D2': 0, 'D3': 3}, 
1820.0, {'A0': -39.0, 'A1': 0, 'A2': -56.0, 'A3': -22.0, 'B0': -5.0, 'B1': -11.0, 'B2': -4.0, 'B3': -13.0, 'C0': -72.0, 'C1': 0, 'C2': -13.0, 'C3': -17.0, 'D0': -26.0, 'D1': -3.0, 'D2': 0, 'D3': -28.0}, {'A0': 2, 'A1': 0, 'A2': 3, 'A3': 3, 'B0': 1, 'B1': 1, 'B2': 1, 'B3': 1, 'C0': 1, 'C1': 0, 'C2': 1, 'C3': 2, 'D0': 2, 'D1': 1, 'D2': 0, 'D3': 1}, {'A0': 4, 'A1': 0, 'A2': 4, 'A3': 4, 'B0': 1, 'B1': 2, 'B2': 1, 'B3': 2, 'C0': 1, 'C1': 0, 'C2': 3, 'C3': 2, 'D0': 5, 'D1': 2, 'D2': 0, 'D3': 1}, 
1830.0, {'A0': -17.0, 'A1': -16.0, 'A2': -12.0, 'A3': -28.0, 'B0': 0, 'B1': -4.0, 'B2': -23.0, 'B3': -1.0, 'C0': -82.0, 'C1': 0, 'C2': -19.0, 'C3': 0, 'D0': -29.0, 'D1': -29.0, 'D2': 0, 'D3': -9.0}, {'A0': 1, 'A1': 2, 'A2': 1, 'A3': 2, 'B0': 0, 'B1': 1, 'B2': 1, 'B3': 1, 'C0': 1, 'C1': 0, 'C2': 1, 'C3': 0, 'D0': 1, 'D1': 2, 'D2': 0, 'D3': 2}, {'A0': 3, 'A1': 3, 'A2': 3, 'A3': 3, 'B0': 0, 'B1': 1, 'B2': 2, 'B3': 1, 'C0': 1, 'C1': 0, 'C2': 2, 'C3': 0, 'D0': 2, 'D1': 4, 'D2': 0, 'D3': 2}, 
1840.0, {'A0': -26.0, 'A1': -12.0, 'A2': -22.0, 'A3': -26.0, 'B0': -9.0, 'B1': -5.0, 'B2': -27.0, 'B3': -17.0, 'C0': -98.0, 'C1': -19.0, 'C2': -26.0, 'C3': -6.0, 'D0': -1.0, 'D1': -47.0, 'D2': -2.0, 'D3': -17.0}, {'A0': 3, 'A1': 1, 'A2': 1, 'A3': 2, 'B0': 2, 'B1': 1, 'B2': 1, 'B3': 2, 'C0': 1, 'C1': 2, 'C2': 1, 'C3': 1, 'D0': 1, 'D1': 1, 'D2': 1, 'D3': 1}, {'A0': 3, 'A1': 1, 'A2': 3, 'A3': 4, 'B0': 2, 'B1': 1, 'B2': 3, 'B3': 3, 'C0': 3, 'C1': 3, 'C2': 2, 'C3': 1, 'D0': 1, 'D1': 3, 'D2': 2, 'D3': 4}, 
1850.0, {'A0': 0, 'A1': -34.0, 'A2': -42.0, 'A3': -45.0, 'B0': -3.0, 'B1': -2.0, 'B2': -58.0, 'B3': -17.0, 'C0': -126.0, 'C1': 0, 'C2': -20.0, 'C3': 0, 'D0': 0, 'D1': -56.0, 'D2': -21.0, 'D3': -40.0}, {'A0': 0, 'A1': 1, 'A2': 3, 'A3': 2, 'B0': 1, 'B1': 1, 'B2': 2, 'B3': 1, 'C0': 2, 'C1': 0, 'C2': 2, 'C3': 0, 'D0': 0, 'D1': 1, 'D2': 2, 'D3': 1}, {'A0': 0, 'A1': 3, 'A2': 4, 'A3': 3, 'B0': 1, 'B1': 1, 'B2': 5, 'B3': 1, 'C0': 4, 'C1': 0, 'C2': 2, 'C3': 0, 'D0': 0, 'D1': 3, 'D2': 3, 'D3': 3}, 
1860.0, {'A0': -15.0, 'A1': -32.0, 'A2': -24.0, 'A3': -59.0, 'B0': 0, 'B1': -7.0, 'B2': -37.0, 'B3': 0, 'C0': -133.0, 'C1': -2.0, 'C2': -49.0, 'C3': -10.0, 'D0': -9.0, 'D1': -49.0, 'D2': -6.0, 'D3': -31.0}, {'A0': 3, 'A1': 1, 'A2': 1, 'A3': 2, 'B0': 0, 'B1': 1, 'B2': 2, 'B3': 0, 'C0': 1, 'C1': 1, 'C2': 2, 'C3': 2, 'D0': 2, 'D1': 1, 'D2': 1, 'D3': 1}, {'A0': 3, 'A1': 1, 'A2': 2, 'A3': 2, 'B0': 0, 'B1': 1, 'B2': 3, 'B3': 0, 'C0': 4, 'C1': 1, 'C2': 3, 'C3': 3, 'D0': 2, 'D1': 2, 'D2': 2, 'D3': 2}, 
1870.0, {'A0': 0, 'A1': 0, 'A2': -10.0, 'A3': -10.0, 'B0': -32.0, 'B1': -18.0, 'B2': -16.0, 'B3': -25.0, 'C0': -132.0, 'C1': 0, 'C2': -76.0, 'C3': -23.0, 'D0': -10.0, 'D1': -67.0, 'D2': -20.0, 'D3': -19.0}, {'A0': 0, 'A1': 0, 'A2': 1, 'A3': 1, 'B0': 2, 'B1': 1, 'B2': 1, 'B3': 2, 'C0': 1, 'C1': 0, 'C2': 3, 'C3': 1, 'D0': 1, 'D1': 2, 'D2': 1, 'D3': 2}, {'A0': 0, 'A1': 0, 'A2': 1, 'A3': 1, 'B0': 4, 'B1': 2, 'B2': 1, 'B3': 4, 'C0': 3, 'C1': 0, 'C2': 5, 'C3': 3, 'D0': 2, 'D1': 3, 'D2': 2, 'D3': 3}, 
1880.0, {'A0': -7.0, 'A1': -1.0, 'A2': -40.0, 'A3': 0, 'B0': -64.0, 'B1': -13.0, 'B2': -26.0, 'B3': -3.0, 'C0': -28.0, 'C1': -7.0, 'C2': 0, 'C3': -24.0, 'D0': -35.0, 'D1': -15.0, 'D2': -50.0, 'D3': -36.0}, {'A0': 1, 'A1': 1, 'A2': 3, 'A3': 0, 'B0': 3, 'B1': 1, 'B2': 1, 'B3': 1, 'C0': 2, 'C1': 1, 'C2': 0, 'C3': 3, 'D0': 1, 'D1': 2, 'D2': 2, 'D3': 2}, {'A0': 1, 'A1': 1, 'A2': 5, 'A3': 0, 'B0': 7, 'B1': 2, 'B2': 1, 'B3': 1, 'C0': 3, 'C1': 1, 'C2': 0, 'C3': 4, 'D0': 3, 'D1': 2, 'D2': 5, 'D3': 2}, 
1890.0, {'A0': -17.0, 'A1': -5.0, 'A2': -47.0, 'A3': 0, 'B0': -71.0, 'B1': -26.0, 'B2': -39.0, 'B3': -10.0, 'C0': -38.0, 'C1': -23.0, 'C2': -4.0, 'C3': -19.0, 'D0': -43.0, 'D1': -18.0, 'D2': -35.0, 'D3': 0}, {'A0': 1, 'A1': 1, 'A2': 2, 'A3': 0, 'B0': 1, 'B1': 2, 'B2': 1, 'B3': 2, 'C0': 2, 'C1': 3, 'C2': 1, 'C3': 1, 'D0': 1, 'D1': 3, 'D2': 1, 'D3': 0}, {'A0': 1, 'A1': 1, 'A2': 2, 'A3': 0, 'B0': 4, 'B1': 3, 'B2': 2, 'B3': 2, 'C0': 3, 'C1': 3, 'C2': 1, 'C3': 1, 'D0': 3, 'D1': 3, 'D2': 1, 'D3': 0}, 
1900.0, {'A0': -8.0, 'A1': -2.0, 'A2': -30.0, 'A3': -4.0, 'B0': -73.0, 'B1': 0, 'B2': -47.0, 'B3': -10.0, 'C0': -15.0, 'C1': -8.0, 'C2': -14.0, 'C3': -9.0, 'D0': -72.0, 'D1': -18.0, 'D2': -9.0, 'D3': -16.0}, {'A0': 1, 'A1': 1, 'A2': 2, 'A3': 1, 'B0': 3, 'B1': 0, 'B2': 1, 'B3': 2, 'C0': 1, 'C1': 1, 'C2': 1, 'C3': 1, 'D0': 2, 'D1': 3, 'D2': 1, 'D3': 2}, {'A0': 2, 'A1': 1, 'A2': 4, 'A3': 1, 'B0': 6, 'B1': 0, 'B2': 2, 'B3': 2, 'C0': 1, 'C1': 1, 'C2': 1, 'C3': 1, 'D0': 3, 'D1': 3, 'D2': 1, 'D3': 5}, 
1910.0, {'A0': -2.0, 'A1': -3.0, 'A2': -37.0, 'A3': -1.0, 'B0': -49.0, 'B1': 0, 'B2': -68.0, 'B3': 0, 'C0': -44.0, 'C1': -19.0, 'C2': -28.0, 'C3': -24.0, 'D0': -46.0, 'D1': -7.0, 'D2': -5.0, 'D3': -29.0}, {'A0': 1, 'A1': 1, 'A2': 2, 'A3': 1, 'B0': 1, 'B1': 0, 'B2': 1, 'B3': 0, 'C0': 2, 'C1': 2, 'C2': 1, 'C3': 3, 'D0': 1, 'D1': 1, 'D2': 1, 'D3': 1}, {'A0': 1, 'A1': 1, 'A2': 2, 'A3': 1, 'B0': 2, 'B1': 0, 'B2': 3, 'B3': 0, 'C0': 4, 'C1': 4, 'C2': 2, 'C3': 4, 'D0': 3, 'D1': 1, 'D2': 1, 'D3': 2}, 
1920.0, {'A0': -1.0, 'A1': -8.0, 'A2': 0, 'A3': -2.0, 'B0': -9.0, 'B1': -15.0, 'B2': -16.0, 'B3': -11.0, 'C0': 0, 'C1': -15.0, 'C2': -41.0, 'C3': -5.0, 'D0': -61.0, 'D1': -12.0, 'D2': -42.0, 'D3': -31.0}, {'A0': 1, 'A1': 1, 'A2': 0, 'A3': 1, 'B0': 2, 'B1': 2, 'B2': 1, 'B3': 1, 'C0': 0, 'C1': 2, 'C2': 2, 'C3': 1, 'D0': 2, 'D1': 1, 'D2': 2, 'D3': 2}, {'A0': 1, 'A1': 1, 'A2': 0, 'A3': 1, 'B0': 2, 'B1': 3, 'B2': 1, 'B3': 2, 'C0': 0, 'C1': 3, 'C2': 2, 'C3': 2, 'D0': 3, 'D1': 2, 'D2': 4, 'D3': 3}, 
1930.0, {'A0': -8.0, 'A1': -8.0, 'A2': -8.0, 'A3': -21.0, 'B0': -11.0, 'B1': -31.0, 'B2': 0, 'B3': -19.0, 'C0': -1.0, 'C1': -19.0, 'C2': -21.0, 'C3': 0, 'D0': -76.0, 'D1': 0, 'D2': -37.0, 'D3': -15.0}, {'A0': 1, 'A1': 1, 'A2': 2, 'A3': 1, 'B0': 1, 'B1': 2, 'B2': 0, 'B3': 1, 'C0': 1, 'C1': 1, 'C2': 1, 'C3': 0, 'D0': 2, 'D1': 0, 'D2': 1, 'D3': 1}, {'A0': 2, 'A1': 1, 'A2': 3, 'A3': 2, 'B0': 2, 'B1': 3, 'B2': 0, 'B3': 1, 'C0': 1, 'C1': 4, 'C2': 3, 'C3': 0, 'D0': 5, 'D1': 0, 'D2': 2, 'D3': 2}, 
1940.0, {'A0': -27.0, 'A1': -19.0, 'A2': -13.0, 'A3': -49.0, 'B0': -18.0, 'B1': -28.0, 'B2': 0, 'B3': -7.0, 'C0': -20.0, 'C1': -21.0, 'C2': -29.0, 'C3': -6.0, 'D0': -105.0, 'D1': -10.0, 'D2': 0, 'D3': -14.0}, {'A0': 2, 'A1': 1, 'A2': 1, 'A3': 1, 'B0': 1, 'B1': 1, 'B2': 0, 'B3': 1, 'C0': 2, 'C1': 3, 'C2': 2, 'C3': 1, 'D0': 2, 'D1': 1, 'D2': 0, 'D3': 1}, {'A0': 3, 'A1': 3, 'A2': 2, 'A3': 3, 'B0': 2, 'B1': 1, 'B2': 0, 'B3': 1, 'C0': 4, 'C1': 4, 'C2': 3, 'C3': 1, 'D0': 4, 'D1': 1, 'D2': 0, 'D3': 1}, 
1950.0, {'A0': 0, 'A1': -16.0, 'A2': -28.0, 'A3': -29.0, 'B0': -39.0, 'B1': -17.0, 'B2': -21.0, 'B3': -9.0, 'C0': 0, 'C1': -13.0, 'C2': -30.0, 'C3': -18.0, 'D0': -52.0, 'D1': -10.0, 'D2': -23.0, 'D3': -5.0}, {'A0': 0, 'A1': 1, 'A2': 2, 'A3': 1, 'B0': 3, 'B1': 1, 'B2': 2, 'B3': 1, 'C0': 0, 'C1': 1, 'C2': 1, 'C3': 1, 'D0': 3, 'D1': 2, 'D2': 2, 'D3': 1}, {'A0': 0, 'A1': 1, 'A2': 2, 'A3': 1, 'B0': 4, 'B1': 2, 'B2': 3, 'B3': 2, 'C0': 0, 'C1': 1, 'C2': 1, 'C3': 2, 'D0': 5, 'D1': 2, 'D2': 4, 'D3': 2}, 
1960.0, {'A0': -14.0, 'A1': -4.0, 'A2': -10.0, 'A3': 0, 'B0': -5.0, 'B1': 0, 'B2': -23.0, 'B3': -10.0, 'C0': 0, 'C1': 0, 'C2': -46.0, 'C3': -10.0, 'D0': -26.0, 'D1': -3.0, 'D2': -26.0, 'D3': -12.0}, {'A0': 1, 'A1': 1, 'A2': 2, 'A3': 0, 'B0': 1, 'B1': 0, 'B2': 2, 'B3': 1, 'C0': 0, 'C1': 0, 'C2': 1, 'C3': 1, 'D0': 1, 'D1': 1, 'D2': 2, 'D3': 1}, {'A0': 2, 'A1': 1, 'A2': 2, 'A3': 0, 'B0': 2, 'B1': 0, 'B2': 3, 'B3': 1, 'C0': 0, 'C1': 0, 'C2': 2, 'C3': 1, 'D0': 3, 'D1': 1, 'D2': 2, 'D3': 1}, 
1970.0, {'A0': 0, 'A1': -13.0, 'A2': 0, 'A3': 0, 'B0': -10.0, 'B1': -6.0, 'B2': -24.0, 'B3': 0, 'C0': -7.0, 'C1': -7.0, 'C2': -56.0, 'C3': 0, 'D0': -32.0, 'D1': -5.0, 'D2': 0, 'D3': 0}, {'A0': 0, 'A1': 2, 'A2': 0, 'A3': 0, 'B0': 1, 'B1': 1, 'B2': 1, 'B3': 0, 'C0': 1, 'C1': 1, 'C2': 1, 'C3': 0, 'D0': 1, 'D1': 1, 'D2': 0, 'D3': 0}, {'A0': 0, 'A1': 3, 'A2': 0, 'A3': 0, 'B0': 2, 'B1': 1, 'B2': 1, 'B3': 0, 'C0': 1, 'C1': 1, 'C2': 2, 'C3': 0, 'D0': 3, 'D1': 2, 'D2': 0, 'D3': 0}, 
1980.0, {'A0': 0, 'A1': 0, 'A2': -1.0, 'A3': 0, 'B0': -19.0, 'B1': -17.0, 'B2': 0, 'B3': -13.0, 'C0': -18.0, 'C1': 0, 'C2': -17.0, 'C3': -9.0, 'D0': -8.0, 'D1': -30.0, 'D2': -16.0, 'D3': -3.0}, {'A0': 0, 'A1': 0, 'A2': 1, 'A3': 0, 'B0': 3, 'B1': 3, 'B2': 0, 'B3': 2, 'C0': 1, 'C1': 0, 'C2': 1, 'C3': 1, 'D0': 1, 'D1': 2, 'D2': 2, 'D3': 1}, {'A0': 0, 'A1': 0, 'A2': 1, 'A3': 0, 'B0': 3, 'B1': 3, 'B2': 0, 'B3': 3, 'C0': 2, 'C1': 0, 'C2': 2, 'C3': 2, 'D0': 1, 'D1': 3, 'D2': 3, 'D3': 1}, 
1990.0, {'A0': -31.0, 'A1': 0, 'A2': -8.0, 'A3': -16.0, 'B0': -9.0, 'B1': -8.0, 'B2': -9.0, 'B3': -29.0, 'C0': -5.0, 'C1': 0, 'C2': -10.0, 'C3': -33.0, 'D0': -1.0, 'D1': -37.0, 'D2': 0, 'D3': 0}, {'A0': 3, 'A1': 0, 'A2': 2, 'A3': 1, 'B0': 1, 'B1': 1, 'B2': 1, 'B3': 2, 'C0': 1, 'C1': 0, 'C2': 1, 'C3': 4, 'D0': 1, 'D1': 2, 'D2': 0, 'D3': 0}, {'A0': 4, 'A1': 0, 'A2': 2, 'A3': 2, 'B0': 2, 'B1': 1, 'B2': 1, 'B3': 2, 'C0': 1, 'C1': 0, 'C2': 2, 'C3': 5, 'D0': 1, 'D1': 4, 'D2': 0, 'D3': 0}, 
2000.0, {'A0': 0, 'A1': 0, 'A2': 0, 'A3': 0, 'B0': 0, 'B1': -26.0, 'B2': -10.0, 'B3': -19.0, 'C0': -9.0, 'C1': -4.0, 'C2': -21.0, 'C3': -29.0, 'D0': 0, 'D1': -40.0, 'D2': 0, 'D3': -3.0}, {'A0': 0, 'A1': 0, 'A2': 0, 'A3': 0, 'B0': 0, 'B1': 1, 'B2': 1, 'B3': 2, 'C0': 1, 'C1': 1, 'C2': 1, 'C3': 1, 'D0': 0, 'D1': 3, 'D2': 0, 'D3': 1}, {'A0': 0, 'A1': 0, 'A2': 0, 'A3': 0, 'B0': 0, 'B1': 2, 'B2': 2, 'B3': 4, 'C0': 2, 'C1': 1, 'C2': 2, 'C3': 3, 'D0': 0, 'D1': 3, 'D2': 0, 'D3': 1}, 
2010.0, {'A0': -19.0, 'A1': 0, 'A2': 0, 'A3': -7.0, 'B0': 0, 'B1': -28.0, 'B2': -27.0, 'B3': 0, 'C0': -20.0, 'C1': -4.0, 'C2': -1.0, 'C3': -21.0, 'D0': -11.0, 'D1': -7.0, 'D2': -10.0, 'D3': 0}, {'A0': 2, 'A1': 0, 'A2': 0, 'A3': 1, 'B0': 0, 'B1': 1, 'B2': 2, 'B3': 0, 'C0': 2, 'C1': 1, 'C2': 1, 'C3': 1, 'D0': 1, 'D1': 1, 'D2': 1, 'D3': 0}, {'A0': 5, 'A1': 0, 'A2': 0, 'A3': 1, 'B0': 0, 'B1': 1, 'B2': 4, 'B3': 0, 'C0': 2, 'C1': 2, 'C2': 1, 'C3': 1, 'D0': 3, 'D1': 1, 'D2': 1, 'D3': 0}, 
2020.0, {'A0': -11.0, 'A1': -14.0, 'A2': -4.0, 'A3': 0, 'B0': 0, 'B1': -38.0, 'B2': -41.0, 'B3': 0, 'C0': -23.0, 'C1': -13.0, 'C2': -1.0, 'C3': -12.0, 'D0': -12.0, 'D1': 0, 'D2': 0, 'D3': -3.0}, {'A0': 1, 'A1': 2, 'A2': 1, 'A3': 0, 'B0': 0, 'B1': 1, 'B2': 1, 'B3': 0, 'C0': 3, 'C1': 1, 'C2': 1, 'C3': 2, 'D0': 1, 'D1': 0, 'D2': 0, 'D3': 1}, {'A0': 1, 'A1': 3, 'A2': 1, 'A3': 0, 'B0': 0, 'B1': 1, 'B2': 3, 'B3': 0, 'C0': 5, 'C1': 1, 'C2': 1, 'C3': 2, 'D0': 1, 'D1': 0, 'D2': 0, 'D3': 1}, 
2030.0, {'A0': 0, 'A1': -11.0, 'A2': -18.0, 'A3': 0, 'B0': -30.0, 'B1': -5.0, 'B2': -42.0, 'B3': 0, 'C0': 0, 'C1': -10.0, 'C2': 0, 'C3': 0, 'D0': -13.0, 'D1': 0, 'D2': -4.0, 'D3': -13.0}, {'A0': 0, 'A1': 1, 'A2': 1, 'A3': 0, 'B0': 2, 'B1': 1, 'B2': 1, 'B3': 0, 'C0': 0, 'C1': 1, 'C2': 0, 'C3': 0, 'D0': 2, 'D1': 0, 'D2': 1, 'D3': 1}, {'A0': 0, 'A1': 1, 'A2': 2, 'A3': 0, 'B0': 4, 'B1': 1, 'B2': 2, 'B3': 0, 'C0': 0, 'C1': 3, 'C2': 0, 'C3': 0, 'D0': 3, 'D1': 0, 'D2': 1, 'D3': 1}, 
2040.0, {'A0': 0, 'A1': -22.0, 'A2': -24.0, 'A3': -12.0, 'B0': -20.0, 'B1': 0, 'B2': -12.0, 'B3': -10.0, 'C0': 0, 'C1': -16.0, 'C2': -15.0, 'C3': 0, 'D0': 0, 'D1': -3.0, 'D2': -5.0, 'D3': -5.0}, {'A0': 0, 'A1': 3, 'A2': 1, 'A3': 1, 'B0': 1, 'B1': 0, 'B2': 1, 'B3': 1, 'C0': 0, 'C1': 1, 'C2': 2, 'C3': 0, 'D0': 0, 'D1': 1, 'D2': 1, 'D3': 1}, {'A0': 0, 'A1': 5, 'A2': 1, 'A3': 2, 'B0': 1, 'B1': 0, 'B2': 2, 'B3': 2, 'C0': 0, 'C1': 2, 'C2': 2, 'C3': 0, 'D0': 0, 'D1': 1, 'D2': 1, 'D3': 1}, 
2050.0, {'A0': -7.0, 'A1': -11.0, 'A2': -7.0, 'A3': -32.0, 'B0': -14.0, 'B1': -4.0, 'B2': -15.0, 'B3': -9.0, 'C0': -9.0, 'C1': -15.0, 'C2': -12.0, 'C3': -1.0, 'D0': -33.0, 'D1': 0, 'D2': 0, 'D3': 0}, {'A0': 1, 'A1': 1, 'A2': 1, 'A3': 2, 'B0': 3, 'B1': 1, 'B2': 1, 'B3': 2, 'C0': 1, 'C1': 1, 'C2': 2, 'C3': 1, 'D0': 1, 'D1': 0, 'D2': 0, 'D3': 0}, {'A0': 1, 'A1': 2, 'A2': 1, 'A3': 3, 'B0': 3, 'B1': 1, 'B2': 1, 'B3': 2, 'C0': 2, 'C1': 1, 'C2': 2, 'C3': 1, 'D0': 2, 'D1': 0, 'D2': 0, 'D3': 0}, 
2060.0, {'A0': -5.0, 'A1': -6.0, 'A2': -5.0, 'A3': -19.0, 'B0': 0, 'B1': -22.0, 'B2': 0, 'B3': -11.0, 'C0': -17.0, 'C1': -10.0, 'C2': 0, 'C3': 0, 'D0': -11.0, 'D1': -12.0, 'D2': 0, 'D3': -24.0}, {'A0': 1, 'A1': 1, 'A2': 1, 'A3': 2, 'B0': 0, 'B1': 3, 'B2': 0, 'B3': 1, 'C0': 2, 'C1': 1, 'C2': 0, 'C3': 0, 'D0': 1, 'D1': 2, 'D2': 0, 'D3': 2}, {'A0': 1, 'A1': 1, 'A2': 1, 'A3': 3, 'B0': 0, 'B1': 3, 'B2': 0, 'B3': 2, 'C0': 2, 'C1': 1, 'C2': 0, 'C3': 0, 'D0': 1, 'D1': 3, 'D2': 0, 'D3': 3}, 
2070.0, {'A0': -9.0, 'A1': -16.0, 'A2': -18.0, 'A3': -12.0, 'B0': 0, 'B1': 0, 'B2': -5.0, 'B3': -21.0, 'C0': -5.0, 'C1': 0, 'C2': -19.0, 'C3': -6.0, 'D0': -11.0, 'D1': -12.0, 'D2': -3.0, 'D3': 0}, {'A0': 1, 'A1': 2, 'A2': 2, 'A3': 1, 'B0': 0, 'B1': 0, 'B2': 1, 'B3': 1, 'C0': 1, 'C1': 0, 'C2': 2, 'C3': 1, 'D0': 1, 'D1': 1, 'D2': 1, 'D3': 0}, {'A0': 1, 'A1': 3, 'A2': 3, 'A3': 1, 'B0': 0, 'B1': 0, 'B2': 2, 'B3': 2, 'C0': 1, 'C1': 0, 'C2': 2, 'C3': 1, 'D0': 2, 'D1': 2, 'D2': 1, 'D3': 0}, 
2080.0, {'A0': -12.0, 'A1': -10.0, 'A2': -37.0, 'A3': -32.0, 'B0': 0, 'B1': -18.0, 'B2': 0, 'B3': -26.0, 'C0': -1.0, 'C1': 0, 'C2': 0, 'C3': -21.0, 'D0': -18.0, 'D1': -23.0, 'D2': -28.0, 'D3': 0}, {'A0': 2, 'A1': 1, 'A2': 2, 'A3': 2, 'B0': 0, 'B1': 1, 'B2': 0, 'B3': 1, 'C0': 1, 'C1': 0, 'C2': 0, 'C3': 1, 'D0': 2, 'D1': 1, 'D2': 1, 'D3': 0}, {'A0': 3, 'A1': 1, 'A2': 3, 'A3': 2, 'B0': 0, 'B1': 3, 'B2': 0, 'B3': 1, 'C0': 1, 'C1': 0, 'C2': 0, 'C3': 2, 'D0': 2, 'D1': 2, 'D2': 3, 'D3': 0}, 
2090.0, {'A0': -28.0, 'A1': -27.0, 'A2': -19.0, 'A3': -67.0, 'B0': -8.0, 'B1': -22.0, 'B2': -6.0, 'B3': -41.0, 'C0': 0, 'C1': 0, 'C2': 0, 'C3': -26.0, 'D0': -14.0, 'D1': -36.0, 'D2': -18.0, 'D3': -8.0}, {'A0': 2, 'A1': 1, 'A2': 1, 'A3': 2, 'B0': 1, 'B1': 1, 'B2': 1, 'B3': 1, 'C0': 0, 'C1': 0, 'C2': 0, 'C3': 1, 'D0': 1, 'D1': 1, 'D2': 1, 'D3': 1}, {'A0': 4, 'A1': 2, 'A2': 3, 'A3': 4, 'B0': 1, 'B1': 2, 'B2': 1, 'B3': 2, 'C0': 0, 'C1': 0, 'C2': 0, 'C3': 1, 'D0': 1, 'D1': 2, 'D2': 1, 'D3': 1}, 
2100.0, {'A0': -42.0, 'A1': -37.0, 'A2': 0, 'A3': -72.0, 'B0': -16.0, 'B1': -12.0, 'B2': 0, 'B3': -46.0, 'C0': -3.0, 'C1': -2.0, 'C2': -2.0, 'C3': -47.0, 'D0': -5.0, 'D1': -55.0, 'D2': 0, 'D3': 0}, {'A0': 2, 'A1': 1, 'A2': 0, 'A3': 2, 'B0': 1, 'B1': 1, 'B2': 0, 'B3': 1, 'C0': 1, 'C1': 1, 'C2': 1, 'C3': 2, 'D0': 1, 'D1': 1, 'D2': 0, 'D3': 0}, {'A0': 3, 'A1': 2, 'A2': 0, 'A3': 2, 'B0': 2, 'B1': 1, 'B2': 0, 'B3': 1, 'C0': 1, 'C1': 1, 'C2': 1, 'C3': 4, 'D0': 1, 'D1': 3, 'D2': 0, 'D3': 0}, 
2110.0, {'A0': -56.0, 'A1': -10.0, 'A2': -22.0, 'A3': -5.0, 'B0': 0, 'B1': -5.0, 'B2': 0, 'B3': -56.0, 'C0': -22.0, 'C1': -2.0, 'C2': -2.0, 'C3': -57.0, 'D0': -3.0, 'D1': -72.0, 'D2': 0, 'D3': 0}, {'A0': 2, 'A1': 1, 'A2': 2, 'A3': 1, 'B0': 0, 'B1': 1, 'B2': 0, 'B3': 1, 'C0': 1, 'C1': 1, 'C2': 1, 'C3': 1, 'D0': 1, 'D1': 2, 'D2': 0, 'D3': 0}, {'A0': 2, 'A1': 2, 'A2': 4, 'A3': 2, 'B0': 0, 'B1': 1, 'B2': 0, 'B3': 1, 'C0': 2, 'C1': 1, 'C2': 2, 'C3': 2, 'D0': 1, 'D1': 3, 'D2': 0, 'D3': 0}, 
2120.0, {'A0': -16.0, 'A1': -37.0, 'A2': -39.0, 'A3': 0, 'B0': -1.0, 'B1': -17.0, 'B2': -18.0, 'B3': 0, 'C0': -32.0, 'C1': -11.0, 'C2': -18.0, 'C3': -6.0, 'D0': -12.0, 'D1': -68.0, 'D2': -23.0, 'D3': -6.0}, {'A0': 3, 'A1': 3, 'A2': 1, 'A3': 0, 'B0': 1, 'B1': 1, 'B2': 3, 'B3': 0, 'C0': 1, 'C1': 1, 'C2': 1, 'C3': 1, 'D0': 1, 'D1': 2, 'D2': 2, 'D3': 1}, {'A0': 3, 'A1': 4, 'A2': 4, 'A3': 0, 'B0': 1, 'B1': 3, 'B2': 3, 'B3': 0, 'C0': 3, 'C1': 2, 'C2': 2, 'C3': 1, 'D0': 2, 'D1': 3, 'D2': 3, 'D3': 1}, 
2130.0, {'A0': 0, 'A1': -24.0, 'A2': -30.0, 'A3': 0, 'B0': 0, 'B1': -15.0, 'B2': -1.0, 'B3': 0, 'C0': -34.0, 'C1': -11.0, 'C2': 0, 'C3': -2.0, 'D0': -19.0, 'D1': -83.0, 'D2': 0, 'D3': 0}, {'A0': 0, 'A1': 1, 'A2': 1, 'A3': 0, 'B0': 0, 'B1': 1, 'B2': 1, 'B3': 0, 'C0': 2, 'C1': 2, 'C2': 0, 'C3': 1, 'D0': 1, 'D1': 1, 'D2': 0, 'D3': 0}, {'A0': 0, 'A1': 1, 'A2': 2, 'A3': 0, 'B0': 0, 'B1': 2, 'B2': 1, 'B3': 0, 'C0': 3, 'C1': 2, 'C2': 0, 'C3': 1, 'D0': 1, 'D1': 3, 'D2': 0, 'D3': 0}, 
2140.0, {'A0': -7.0, 'A1': 0, 'A2': -27.0, 'A3': -16.0, 'B0': 0, 'B1': -31.0, 'B2': 0, 'B3': 0, 'C0': -49.0, 'C1': 0, 'C2': -10.0, 'C3': 0, 'D0': 0, 'D1': -101.0, 'D2': 0, 'D3': 0}, {'A0': 1, 'A1': 0, 'A2': 2, 'A3': 1, 'B0': 0, 'B1': 2, 'B2': 0, 'B3': 0, 'C0': 1, 'C1': 0, 'C2': 2, 'C3': 0, 'D0': 0, 'D1': 1, 'D2': 0, 'D3': 0}, {'A0': 1, 'A1': 0, 'A2': 2, 'A3': 2, 'B0': 0, 'B1': 2, 'B2': 0, 'B3': 0, 'C0': 3, 'C1': 0, 'C2': 2, 'C3': 0, 'D0': 0, 'D1': 3, 'D2': 0, 'D3': 0}, 
2150.0, {'A0': 0, 'A1': 0, 'A2': -6.0, 'A3': -2.0, 'B0': -17.0, 'B1': 0, 'B2': -4.0, 'B3': -9.0, 'C0': -49.0, 'C1': -9.0, 'C2': 0, 'C3': 0, 'D0': -2.0, 'D1': -37.0, 'D2': 0, 'D3': -18.0}, {'A0': 0, 'A1': 0, 'A2': 1, 'A3': 1, 'B0': 2, 'B1': 0, 'B2': 1, 'B3': 1, 'C0': 1, 'C1': 1, 'C2': 0, 'C3': 0, 'D0': 1, 'D1': 1, 'D2': 0, 'D3': 1}, {'A0': 0, 'A1': 0, 'A2': 1, 'A3': 1, 'B0': 3, 'B1': 0, 'B2': 2, 'B3': 1, 'C0': 1, 'C1': 1, 'C2': 0, 'C3': 0, 'D0': 1, 'D1': 2, 'D2': 0, 'D3': 2}, 
2160.0, {'A0': -11.0, 'A1': 0, 'A2': 0, 'A3': -11.0, 'B0': -8.0, 'B1': 0, 'B2': -11.0, 'B3': -8.0, 'C0': 0, 'C1': -46.0, 'C2': -19.0, 'C3': 0, 'D0': 0, 'D1': -35.0, 'D2': -16.0, 'D3': -3.0}, {'A0': 1, 'A1': 0, 'A2': 0, 'A3': 2, 'B0': 1, 'B1': 0, 'B2': 1, 'B3': 1, 'C0': 0, 'C1': 2, 'C2': 3, 'C3': 0, 'D0': 0, 'D1': 2, 'D2': 2, 'D3': 1}, {'A0': 2, 'A1': 0, 'A2': 0, 'A3': 2, 'B0': 2, 'B1': 0, 'B2': 1, 'B3': 1, 'C0': 0, 'C1': 4, 'C2': 3, 'C3': 0, 'D0': 0, 'D1': 3, 'D2': 3, 'D3': 1}, 
2170.0, {'A0': 0, 'A1': -6.0, 'A2': 0, 'A3': 0, 'B0': -15.0, 'B1': -14.0, 'B2': -6.0, 'B3': -3.0, 'C0': -10.0, 'C1': -1.0, 'C2': -11.0, 'C3': -9.0, 'D0': 0, 'D1': -19.0, 'D2': -34.0, 'D3': 0}, {'A0': 0, 'A1': 1, 'A2': 0, 'A3': 0, 'B0': 1, 'B1': 2, 'B2': 1, 'B3': 1, 'C0': 1, 'C1': 1, 'C2': 1, 'C3': 1, 'D0': 0, 'D1': 2, 'D2': 3, 'D3': 0}, {'A0': 0, 'A1': 2, 'A2': 0, 'A3': 0, 'B0': 1, 'B1': 2, 'B2': 2, 'B3': 2, 'C0': 1, 'C1': 1, 'C2': 3, 'C3': 1, 'D0': 0, 'D1': 3, 'D2': 5, 'D3': 0}, 
2180.0, {'A0': 0, 'A1': -48.0, 'A2': -4.0, 'A3': 0, 'B0': -4.0, 'B1': 0, 'B2': -19.0, 'B3': -21.0, 'C0': 0, 'C1': -22.0, 'C2': -16.0, 'C3': 0, 'D0': 0, 'D1': -26.0, 'D2': 0, 'D3': -20.0}, {'A0': 0, 'A1': 2, 'A2': 1, 'A3': 0, 'B0': 1, 'B1': 0, 'B2': 2, 'B3': 1, 'C0': 0, 'C1': 3, 'C2': 1, 'C3': 0, 'D0': 0, 'D1': 1, 'D2': 0, 'D3': 1}, {'A0': 0, 'A1': 5, 'A2': 1, 'A3': 0, 'B0': 1, 'B1': 0, 'B2': 2, 'B3': 2, 'C0': 0, 'C1': 4, 'C2': 2, 'C3': 0, 'D0': 0, 'D1': 1, 'D2': 0, 'D3': 3}, 
2190.0, {'A0': -18.0, 'A1': -17.0, 'A2': -11.0, 'A3': 0, 'B0': -2.0, 'B1': -1.0, 'B2': 0, 'B3': -21.0, 'C0': -20.0, 'C1': 0, 'C2': 0, 'C3': -14.0, 'D0': 0, 'D1': 0, 'D2': -10.0, 'D3': -19.0}, {'A0': 1, 'A1': 1, 'A2': 1, 'A3': 0, 'B0': 1, 'B1': 1, 'B2': 0, 'B3': 1, 'C0': 2, 'C1': 0, 'C2': 0, 'C3': 2, 'D0': 0, 'D1': 0, 'D2': 1, 'D3': 1}, {'A0': 2, 'A1': 1, 'A2': 3, 'A3': 0, 'B0': 1, 'B1': 1, 'B2': 0, 'B3': 1, 'C0': 4, 'C1': 0, 'C2': 0, 'C3': 2, 'D0': 0, 'D1': 0, 'D2': 1, 'D3': 1}, 
2200.0, {'A0': -19.0, 'A1': -9.0, 'A2': -19.0, 'A3': -4.0, 'B0': 0, 'B1': -8.0, 'B2': 0, 'B3': -31.0, 'C0': 0, 'C1': 0, 'C2': -12.0, 'C3': 0, 'D0': 0, 'D1': -18.0, 'D2': -17.0, 'D3': -6.0}, {'A0': 1, 'A1': 1, 'A2': 1, 'A3': 1, 'B0': 0, 'B1': 1, 'B2': 0, 'B3': 1, 'C0': 0, 'C1': 0, 'C2': 2, 'C3': 0, 'D0': 0, 'D1': 2, 'D2': 2, 'D3': 1}, {'A0': 1, 'A1': 1, 'A2': 1, 'A3': 1, 'B0': 0, 'B1': 1, 'B2': 0, 'B3': 1, 'C0': 0, 'C1': 0, 'C2': 2, 'C3': 0, 'D0': 0, 'D1': 3, 'D2': 3, 'D3': 1}, 
2210.0, {'A0': -48.0, 'A1': 0, 'A2': -2.0, 'A3': 0, 'B0': -6.0, 'B1': 0, 'B2': -8.0, 'B3': 0, 'C0': 0, 'C1': -7.0, 'C2': -10.0, 'C3': 0, 'D0': -5.0, 'D1': -26.0, 'D2': -16.0, 'D3': -41.0}, {'A0': 2, 'A1': 0, 'A2': 1, 'A3': 0, 'B0': 1, 'B1': 0, 'B2': 1, 'B3': 0, 'C0': 0, 'C1': 1, 'C2': 2, 'C3': 0, 'D0': 1, 'D1': 1, 'D2': 1, 'D3': 2}, {'A0': 3, 'A1': 0, 'A2': 1, 'A3': 0, 'B0': 1, 'B1': 0, 'B2': 1, 'B3': 0, 'C0': 0, 'C1': 1, 'C2': 3, 'C3': 0, 'D0': 2, 'D1': 3, 'D2': 2, 'D3': 5}, 
2220.0, {'A0': -47.0, 'A1': -12.0, 'A2': -19.0, 'A3': 0, 'B0': -3.0, 'B1': -3.0, 'B2': -4.0, 'B3': 0, 'C0': 0, 'C1': 0, 'C2': -37.0, 'C3': -9.0, 'D0': -13.0, 'D1': -23.0, 'D2': -23.0, 'D3': -46.0}, {'A0': 1, 'A1': 1, 'A2': 2, 'A3': 0, 'B0': 1, 'B1': 1, 'B2': 1, 'B3': 0, 'C0': 0, 'C1': 0, 'C2': 3, 'C3': 1, 'D0': 1, 'D1': 1, 'D2': 1, 'D3': 3}, {'A0': 2, 'A1': 2, 'A2': 2, 'A3': 0, 'B0': 1, 'B1': 1, 'B2': 1, 'B3': 0, 'C0': 0, 'C1': 0, 'C2': 3, 'C3': 1, 'D0': 2, 'D1': 1, 'D2': 1, 'D3': 4}, 
2230.0, {'A0': 0, 'A1': -17.0, 'A2': -7.0, 'A3': 0, 'B0': -2.0, 'B1': -13.0, 'B2': -8.0, 'B3': 0, 'C0': 0, 'C1': 0, 'C2': 0, 'C3': -1.0, 'D0': 0, 'D1': -42.0, 'D2': 0, 'D3': -12.0}, {'A0': 0, 'A1': 1, 'A2': 1, 'A3': 0, 'B0': 1, 'B1': 1, 'B2': 1, 'B3': 0, 'C0': 0, 'C1': 0, 'C2': 0, 'C3': 1, 'D0': 0, 'D1': 1, 'D2': 0, 'D3': 2}, {'A0': 0, 'A1': 1, 'A2': 2, 'A3': 0, 'B0': 1, 'B1': 1, 'B2': 1, 'B3': 0, 'C0': 0, 'C1': 0, 'C2': 0, 'C3': 1, 'D0': 0, 'D1': 2, 'D2': 0, 'D3': 2}, 
2240.0, {'A0': 0, 'A1': -37.0, 'A2': -16.0, 'A3': 0, 'B0': 0, 'B1': 0, 'B2': 0, 'B3': 0, 'C0': -3.0, 'C1': -8.0, 'C2': -1.0, 'C3': 0, 'D0': 0, 'D1': -5.0, 'D2': 0, 'D3': 0}, {'A0': 0, 'A1': 1, 'A2': 1, 'A3': 0, 'B0': 0, 'B1': 0, 'B2': 0, 'B3': 0, 'C0': 1, 'C1': 1, 'C2': 1, 'C3': 0, 'D0': 0, 'D1': 1, 'D2': 0, 'D3': 0}, {'A0': 0, 'A1': 2, 'A2': 1, 'A3': 0, 'B0': 0, 'B1': 0, 'B2': 0, 'B3': 0, 'C0': 1, 'C1': 2, 'C2': 1, 'C3': 0, 'D0': 0, 'D1': 1, 'D2': 0, 'D3': 0}, 
2250.0, {'A0': -6.0, 'A1': -4.0, 'A2': -18.0, 'A3': -1.0, 'B0': 0, 'B1': 0, 'B2': 0, 'B3': -1.0, 'C0': 0, 'C1': -17.0, 'C2': 0, 'C3': -7.0, 'D0': -7.0, 'D1': 0, 'D2': -9.0, 'D3': 0}, {'A0': 1, 'A1': 2, 'A2': 2, 'A3': 1, 'B0': 0, 'B1': 0, 'B2': 0, 'B3': 1, 'C0': 0, 'C1': 1, 'C2': 0, 'C3': 1, 'D0': 1, 'D1': 0, 'D2': 2, 'D3': 0}, {'A0': 1, 'A1': 3, 'A2': 3, 'A3': 1, 'B0': 0, 'B1': 0, 'B2': 0, 'B3': 1, 'C0': 0, 'C1': 1, 'C2': 0, 'C3': 1, 'D0': 1, 'D1': 0, 'D2': 2, 'D3': 0}, 
2260.0, {'A0': 0, 'A1': 0, 'A2': -23.0, 'A3': 0, 'B0': 0, 'B1': -8.0, 'B2': -16.0, 'B3': 0, 'C0': 0, 'C1': 0, 'C2': 0, 'C3': -8.0, 'D0': 0, 'D1': -5.0, 'D2': -6.0, 'D3': -6.0}, {'A0': 0, 'A1': 0, 'A2': 1, 'A3': 0, 'B0': 0, 'B1': 1, 'B2': 1, 'B3': 0, 'C0': 0, 'C1': 0, 'C2': 0, 'C3': 1, 'D0': 0, 'D1': 1, 'D2': 1, 'D3': 1}, {'A0': 0, 'A1': 0, 'A2': 2, 'A3': 0, 'B0': 0, 'B1': 1, 'B2': 2, 'B3': 0, 'C0': 0, 'C1': 0, 'C2': 0, 'C3': 1, 'D0': 0, 'D1': 1, 'D2': 1, 'D3': 2}, 
2270.0, {'A0': -14.0, 'A1': 0, 'A2': -34.0, 'A3': 0, 'B0': 0, 'B1': 0, 'B2': -3.0, 'B3': 0, 'C0': -5.0, 'C1': 0, 'C2': -9.0, 'C3': -8.0, 'D0': 0, 'D1': 0, 'D2': -4.0, 'D3': -18.0}, {'A0': 1, 'A1': 0, 'A2': 2, 'A3': 0, 'B0': 0, 'B1': 0, 'B2': 1, 'B3': 0, 'C0': 1, 'C1': 0, 'C2': 1, 'C3': 1, 'D0': 0, 'D1': 0, 'D2': 1, 'D3': 1}, {'A0': 1, 'A1': 0, 'A2': 3, 'A3': 0, 'B0': 0, 'B1': 0, 'B2': 1, 'B3': 0, 'C0': 1, 'C1': 0, 'C2': 1, 'C3': 1, 'D0': 0, 'D1': 0, 'D2': 1, 'D3': 2}, 
2280.0, {'A0': -4.0, 'A1': -1.0, 'A2': -1.0, 'A3': -2.0, 'B0': -24.0, 'B1': -18.0, 'B2': -10.0, 'B3': 0, 'C0': 0, 'C1': 0, 'C2': 0, 'C3': 0, 'D0': -1.0, 'D1': -22.0, 'D2': 0, 'D3': 0}, {'A0': 1, 'A1': 1, 'A2': 1, 'A3': 1, 'B0': 3, 'B1': 1, 'B2': 1, 'B3': 0, 'C0': 0, 'C1': 0, 'C2': 0, 'C3': 0, 'D0': 1, 'D1': 1, 'D2': 0, 'D3': 0}, {'A0': 1, 'A1': 1, 'A2': 1, 'A3': 1, 'B0': 4, 'B1': 2, 'B2': 1, 'B3': 0, 'C0': 0, 'C1': 0, 'C2': 0, 'C3': 0, 'D0': 1, 'D1': 3, 'D2': 0, 'D3': 0}, 
2290.0, {'A0': -8.0, 'A1': 0, 'A2': -2.0, 'A3': 0, 'B0': -44.0, 'B1': -20.0, 'B2': -6.0, 'B3': -20.0, 'C0': 0, 'C1': 0, 'C2': 0, 'C3': 0, 'D0': -6.0, 'D1': -10.0, 'D2': -20.0, 'D3': 0}, {'A0': 1, 'A1': 0, 'A2': 1, 'A3': 0, 'B0': 5, 'B1': 1, 'B2': 1, 'B3': 1, 'C0': 0, 'C1': 0, 'C2': 0, 'C3': 0, 'D0': 1, 'D1': 2, 'D2': 1, 'D3': 0}, {'A0': 1, 'A1': 0, 'A2': 1, 'A3': 0, 'B0': 5, 'B1': 1, 'B2': 1, 'B3': 1, 'C0': 0, 'C1': 0, 'C2': 0, 'C3': 0, 'D0': 1, 'D1': 2, 'D2': 1, 'D3': 0}, 
2300.0, {'A0': -18.0, 'A1': 0, 'A2': -12.0, 'A3': -6.0, 'B0': -30.0, 'B1': -1.0, 'B2': 0, 'B3': -10.0, 'C0': 0, 'C1': 0, 'C2': -35.0, 'C3': -6.0, 'D0': 0, 'D1': -10.0, 'D2': -20.0, 'D3': -29.0}, {'A0': 1, 'A1': 0, 'A2': 1, 'A3': 1, 'B0': 2, 'B1': 1, 'B2': 0, 'B3': 1, 'C0': 0, 'C1': 0, 'C2': 2, 'C3': 1, 'D0': 0, 'D1': 1, 'D2': 2, 'D3': 1}, {'A0': 1, 'A1': 0, 'A2': 1, 'A3': 2, 'B0': 3, 'B1': 1, 'B2': 0, 'B3': 1, 'C0': 0, 'C1': 0, 'C2': 4, 'C3': 1, 'D0': 0, 'D1': 1, 'D2': 3, 'D3': 1}, 
2310.0, {'A0': -28.0, 'A1': -6.0, 'A2': 0, 'A3': -32.0, 'B0': -16.0, 'B1': 0, 'B2': 0, 'B3': -6.0, 'C0': -10.0, 'C1': -2.0, 'C2': -19.0, 'C3': -23.0, 'D0': 0, 'D1': 0, 'D2': -25.0, 'D3': 0}, {'A0': 1, 'A1': 1, 'A2': 0, 'A3': 3, 'B0': 2, 'B1': 0, 'B2': 0, 'B3': 1, 'C0': 1, 'C1': 1, 'C2': 1, 'C3': 1, 'D0': 0, 'D1': 0, 'D2': 1, 'D3': 0}, {'A0': 1, 'A1': 1, 'A2': 0, 'A3': 3, 'B0': 2, 'B1': 0, 'B2': 0, 'B3': 1, 'C0': 2, 'C1': 1, 'C2': 1, 'C3': 2, 'D0': 0, 'D1': 0, 'D2': 2, 'D3': 0}, 
2320.0, {'A0': 0, 'A1': 0, 'A2': -15.0, 'A3': -16.0, 'B0': 0, 'B1': -7.0, 'B2': 0, 'B3': -1.0, 'C0': 0, 'C1': 0, 'C2': 0, 'C3': 0, 'D0': -31.0, 'D1': 0, 'D2': -18.0, 'D3': 0}, {'A0': 0, 'A1': 0, 'A2': 1, 'A3': 1, 'B0': 0, 'B1': 1, 'B2': 0, 'B3': 1, 'C0': 0, 'C1': 0, 'C2': 0, 'C3': 0, 'D0': 1, 'D1': 0, 'D2': 1, 'D3': 0}, {'A0': 0, 'A1': 0, 'A2': 2, 'A3': 2, 'B0': 0, 'B1': 1, 'B2': 0, 'B3': 1, 'C0': 0, 'C1': 0, 'C2': 0, 'C3': 0, 'D0': 2, 'D1': 0, 'D2': 1, 'D3': 0}, 
2330.0, {'A0': 0, 'A1': 0, 'A2': -20.0, 'A3': -9.0, 'B0': 0, 'B1': 0, 'B2': 0, 'B3': -8.0, 'C0': -9.0, 'C1': 0, 'C2': 0, 'C3': -5.0, 'D0': 0, 'D1': -10.0, 'D2': 0, 'D3': 0}, {'A0': 0, 'A1': 0, 'A2': 1, 'A3': 1, 'B0': 0, 'B1': 0, 'B2': 0, 'B3': 2, 'C0': 1, 'C1': 0, 'C2': 0, 'C3': 1, 'D0': 0, 'D1': 1, 'D2': 0, 'D3': 0}, {'A0': 0, 'A1': 0, 'A2': 2, 'A3': 2, 'B0': 0, 'B1': 0, 'B2': 0, 'B3': 2, 'C0': 2, 'C1': 0, 'C2': 0, 'C3': 1, 'D0': 0, 'D1': 1, 'D2': 0, 'D3': 0}, 
2340.0, {'A0': 0, 'A1': 0, 'A2': -12.0, 'A3': 0, 'B0': 0, 'B1': -1.0, 'B2': -24.0, 'B3': 0, 'C0': 0, 'C1': 0, 'C2': 0, 'C3': 0, 'D0': -9.0, 'D1': -3.0, 'D2': 0, 'D3': 0}, {'A0': 0, 'A1': 0, 'A2': 2, 'A3': 0, 'B0': 0, 'B1': 1, 'B2': 1, 'B3': 0, 'C0': 0, 'C1': 0, 'C2': 0, 'C3': 0, 'D0': 1, 'D1': 1, 'D2': 0, 'D3': 0}, {'A0': 0, 'A1': 0, 'A2': 2, 'A3': 0, 'B0': 0, 'B1': 1, 'B2': 3, 'B3': 0, 'C0': 0, 'C1': 0, 'C2': 0, 'C3': 0, 'D0': 2, 'D1': 1, 'D2': 0, 'D3': 0}, 
2350.0, {'A0': 0, 'A1': 0, 'A2': -2.0, 'A3': 0, 'B0': -29.0, 'B1': 0, 'B2': -17.0, 'B3': -20.0, 'C0': -3.0, 'C1': 0, 'C2': -7.0, 'C3': -9.0, 'D0': -19.0, 'D1': -8.0, 'D2': 0, 'D3': -15.0}, {'A0': 0, 'A1': 0, 'A2': 1, 'A3': 0, 'B0': 2, 'B1': 0, 'B2': 1, 'B3': 3, 'C0': 1, 'C1': 0, 'C2': 1, 'C3': 1, 'D0': 2, 'D1': 1, 'D2': 0, 'D3': 1}, {'A0': 0, 'A1': 0, 'A2': 1, 'A3': 0, 'B0': 4, 'B1': 0, 'B2': 1, 'B3': 3, 'C0': 1, 'C1': 0, 'C2': 1, 'C3': 1, 'D0': 2, 'D1': 2, 'D2': 0, 'D3': 2}, 
2360.0, {'A0': -1.0, 'A1': 0, 'A2': 0, 'A3': 0, 'B0': -19.0, 'B1': 0, 'B2': 0, 'B3': -5.0, 'C0': -15.0, 'C1': 0, 'C2': -11.0, 'C3': -38.0, 'D0': -10.0, 'D1': -13.0, 'D2': 0, 'D3': 0}, {'A0': 1, 'A1': 0, 'A2': 0, 'A3': 0, 'B0': 1, 'B1': 0, 'B2': 0, 'B3': 1, 'C0': 2, 'C1': 0, 'C2': 1, 'C3': 3, 'D0': 1, 'D1': 1, 'D2': 0, 'D3': 0}, {'A0': 1, 'A1': 0, 'A2': 0, 'A3': 0, 'B0': 2, 'B1': 0, 'B2': 0, 'B3': 1, 'C0': 2, 'C1': 0, 'C2': 2, 'C3': 3, 'D0': 1, 'D1': 2, 'D2': 0, 'D3': 0}, 
2370.0, {'A0': 0, 'A1': -13.0, 'A2': -21.0, 'A3': 0, 'B0': -25.0, 'B1': 0, 'B2': -10.0, 'B3': -6.0, 'C0': 0, 'C1': 0, 'C2': -20.0, 'C3': 0, 'D0': -19.0, 'D1': -10.0, 'D2': 0, 'D3': 0}, {'A0': 0, 'A1': 1, 'A2': 2, 'A3': 0, 'B0': 1, 'B1': 0, 'B2': 1, 'B3': 1, 'C0': 0, 'C1': 0, 'C2': 1, 'C3': 0, 'D0': 1, 'D1': 1, 'D2': 0, 'D3': 0}, {'A0': 0, 'A1': 2, 'A2': 3, 'A3': 0, 'B0': 1, 'B1': 0, 'B2': 1, 'B3': 1, 'C0': 0, 'C1': 0, 'C2': 2, 'C3': 0, 'D0': 2, 'D1': 2, 'D2': 0, 'D3': 0}, 
2380.0, {'A0': -6.0, 'A1': -12.0, 'A2': -33.0, 'A3': 0, 'B0': -11.0, 'B1': 0, 'B2': -38.0, 'B3': -1.0, 'C0': -10.0, 'C1': 0, 'C2': -3.0, 'C3': 0, 'D0': -18.0, 'D1': -16.0, 'D2': -1.0, 'D3': 0}, {'A0': 1, 'A1': 1, 'A2': 1, 'A3': 0, 'B0': 2, 'B1': 0, 'B2': 2, 'B3': 1, 'C0': 1, 'C1': 0, 'C2': 1, 'C3': 0, 'D0': 1, 'D1': 1, 'D2': 1, 'D3': 0}, {'A0': 1, 'A1': 1, 'A2': 3, 'A3': 0, 'B0': 2, 'B1': 0, 'B2': 3, 'B3': 1, 'C0': 2, 'C1': 0, 'C2': 2, 'C3': 0, 'D0': 1, 'D1': 2, 'D2': 1, 'D3': 0}, 
2390.0, {'A0': -10.0, 'A1': -4.0, 'A2': -34.0, 'A3': -8.0, 'B0': -8.0, 'B1': 0, 'B2': -7.0, 'B3': 0, 'C0': -48.0, 'C1': 0, 'C2': 0, 'C3': -8.0, 'D0': -5.0, 'D1': -24.0, 'D2': 0, 'D3': 0}, {'A0': 1, 'A1': 1, 'A2': 1, 'A3': 1, 'B0': 1, 'B1': 0, 'B2': 1, 'B3': 0, 'C0': 2, 'C1': 0, 'C2': 0, 'C3': 2, 'D0': 1, 'D1': 1, 'D2': 0, 'D3': 0}, {'A0': 2, 'A1': 1, 'A2': 2, 'A3': 1, 'B0': 1, 'B1': 0, 'B2': 1, 'B3': 0, 'C0': 5, 'C1': 0, 'C2': 0, 'C3': 2, 'D0': 1, 'D1': 1, 'D2': 0, 'D3': 0}, 
2400.0, {'A0': -17.0, 'A1': 0, 'A2': -11.0, 'A3': 0, 'B0': -21.0, 'B1': -12.0, 'B2': 0, 'B3': -7.0, 'C0': -43.0, 'C1': 0, 'C2': 0, 'C3': -12.0, 'D0': 0, 'D1': -41.0, 'D2': -7.0, 'D3': -12.0}, {'A0': 1, 'A1': 0, 'A2': 1, 'A3': 0, 'B0': 1, 'B1': 2, 'B2': 0, 'B3': 1, 'C0': 1, 'C1': 0, 'C2': 0, 'C3': 2, 'D0': 0, 'D1': 2, 'D2': 1, 'D3': 2}, {'A0': 2, 'A1': 0, 'A2': 2, 'A3': 0, 'B0': 2, 'B1': 2, 'B2': 0, 'B3': 1, 'C0': 2, 'C1': 0, 'C2': 0, 'C3': 2, 'D0': 0, 'D1': 3, 'D2': 1, 'D3': 3}, 
2410.0, {'A0': -2.0, 'A1': -4.0, 'A2': -8.0, 'A3': 0, 'B0': -14.0, 'B1': -7.0, 'B2': -9.0, 'B3': 0, 'C0': -39.0, 'C1': 0, 'C2': -3.0, 'C3': 0, 'D0': 0, 'D1': -44.0, 'D2': -1.0, 'D3': 0}, {'A0': 1, 'A1': 1, 'A2': 1, 'A3': 0, 'B0': 1, 'B1': 1, 'B2': 1, 'B3': 0, 'C0': 1, 'C1': 0, 'C2': 1, 'C3': 0, 'D0': 0, 'D1': 1, 'D2': 1, 'D3': 0}, {'A0': 2, 'A1': 2, 'A2': 1, 'A3': 0, 'B0': 2, 'B1': 1, 'B2': 1, 'B3': 0, 'C0': 1, 'C1': 0, 'C2': 1, 'C3': 0, 'D0': 0, 'D1': 1, 'D2': 1, 'D3': 0}, 
2420.0, {'A0': -38.0, 'A1': -11.0, 'A2': -8.0, 'A3': 0, 'B0': -42.0, 'B1': -5.0, 'B2': 0, 'B3': -2.0, 'C0': -50.0, 'C1': -8.0, 'C2': -16.0, 'C3': -7.0, 'D0': 0, 'D1': -6.0, 'D2': 0, 'D3': -2.0}, {'A0': 2, 'A1': 1, 'A2': 1, 'A3': 0, 'B0': 1, 'B1': 1, 'B2': 0, 'B3': 1, 'C0': 1, 'C1': 1, 'C2': 1, 'C3': 1, 'D0': 0, 'D1': 1, 'D2': 0, 'D3': 1}, {'A0': 5, 'A1': 1, 'A2': 2, 'A3': 0, 'B0': 3, 'B1': 2, 'B2': 0, 'B3': 1, 'C0': 2, 'C1': 1, 'C2': 2, 'C3': 1, 'D0': 0, 'D1': 1, 'D2': 0, 'D3': 1}, 
2430.0, {'A0': -21.0, 'A1': -21.0, 'A2': -19.0, 'A3': 0, 'B0': -28.0, 'B1': -10.0, 'B2': 0, 'B3': -12.0, 'C0': -64.0, 'C1': -18.0, 'C2': 0, 'C3': -17.0, 'D0': -9.0, 'D1': 0, 'D2': 0, 'D3': -6.0}, {'A0': 1, 'A1': 1, 'A2': 2, 'A3': 0, 'B0': 1, 'B1': 1, 'B2': 0, 'B3': 1, 'C0': 1, 'C1': 1, 'C2': 0, 'C3': 1, 'D0': 1, 'D1': 0, 'D2': 0, 'D3': 1}, {'A0': 2, 'A1': 1, 'A2': 2, 'A3': 0, 'B0': 2, 'B1': 1, 'B2': 0, 'B3': 1, 'C0': 2, 'C1': 1, 'C2': 0, 'C3': 1, 'D0': 1, 'D1': 0, 'D2': 0, 'D3': 2}, 
2440.0, {'A0': -29.0, 'A1': -5.0, 'A2': 0, 'A3': -10.0, 'B0': -18.0, 'B1': 0, 'B2': 0, 'B3': -22.0, 'C0': -79.0, 'C1': 0, 'C2': 0, 'C3': -36.0, 'D0': 0, 'D1': -4.0, 'D2': 0, 'D3': 0}, {'A0': 1, 'A1': 1, 'A2': 0, 'A3': 1, 'B0': 1, 'B1': 0, 'B2': 0, 'B3': 1, 'C0': 1, 'C1': 0, 'C2': 0, 'C3': 2, 'D0': 0, 'D1': 1, 'D2': 0, 'D3': 0}, {'A0': 1, 'A1': 1, 'A2': 0, 'A3': 2, 'B0': 1, 'B1': 0, 'B2': 0, 'B3': 1, 'C0': 3, 'C1': 0, 'C2': 0, 'C3': 3, 'D0': 0, 'D1': 1, 'D2': 0, 'D3': 0}, 
2450.0, {'A0': 0, 'A1': 0, 'A2': 0, 'A3': -18.0, 'B0': -31.0, 'B1': -2.0, 'B2': 0, 'B3': -32.0, 'C0': -79.0, 'C1': -2.0, 'C2': -9.0, 'C3': -4.0, 'D0': -10.0, 'D1': 0, 'D2': -1.0, 'D3': 0}, {'A0': 0, 'A1': 0, 'A2': 0, 'A3': 1, 'B0': 1, 'B1': 1, 'B2': 0, 'B3': 1, 'C0': 1, 'C1': 1, 'C2': 1, 'C3': 1, 'D0': 1, 'D1': 0, 'D2': 1, 'D3': 0}, {'A0': 0, 'A1': 0, 'A2': 0, 'A3': 2, 'B0': 2, 'B1': 1, 'B2': 0, 'B3': 1, 'C0': 1, 'C1': 1, 'C2': 1, 'C3': 1, 'D0': 1, 'D1': 0, 'D2': 1, 'D3': 0}, 
2460.0, {'A0': 0, 'A1': -6.0, 'A2': -2.0, 'A3': 0, 'B0': -53.0, 'B1': 0, 'B2': 0, 'B3': -9.0, 'C0': -89.0, 'C1': 0, 'C2': 0, 'C3': -5.0, 'D0': -5.0, 'D1': 0, 'D2': 0, 'D3': 0}, {'A0': 0, 'A1': 1, 'A2': 1, 'A3': 0, 'B0': 1, 'B1': 0, 'B2': 0, 'B3': 1, 'C0': 1, 'C1': 0, 'C2': 0, 'C3': 1, 'D0': 2, 'D1': 0, 'D2': 0, 'D3': 0}, {'A0': 0, 'A1': 1, 'A2': 1, 'A3': 0, 'B0': 3, 'B1': 0, 'B2': 0, 'B3': 1, 'C0': 1, 'C1': 0, 'C2': 0, 'C3': 1, 'D0': 2, 'D1': 0, 'D2': 0, 'D3': 0}, 
2470.0, {'A0': 0, 'A1': -8.0, 'A2': 0, 'A3': 0, 'B0': -34.0, 'B1': -6.0, 'B2': -15.0, 'B3': -22.0, 'C0': -99.0, 'C1': 0, 'C2': 0, 'C3': -2.0, 'D0': 0, 'D1': -9.0, 'D2': -4.0, 'D3': -14.0}, {'A0': 0, 'A1': 1, 'A2': 0, 'A3': 0, 'B0': 3, 'B1': 1, 'B2': 1, 'B3': 2, 'C0': 1, 'C1': 0, 'C2': 0, 'C3': 1, 'D0': 0, 'D1': 1, 'D2': 1, 'D3': 2}, {'A0': 0, 'A1': 1, 'A2': 0, 'A3': 0, 'B0': 4, 'B1': 1, 'B2': 2, 'B3': 2, 'C0': 1, 'C1': 0, 'C2': 0, 'C3': 1, 'D0': 0, 'D1': 1, 'D2': 1, 'D3': 2}, 
2480.0, {'A0': -7.0, 'A1': 0, 'A2': -5.0, 'A3': -6.0, 'B0': -26.0, 'B1': 0, 'B2': -6.0, 'B3': 0, 'C0': 0, 'C1': -10.0, 'C2': 0, 'C3': 0, 'D0': 0, 'D1': -13.0, 'D2': 0, 'D3': -21.0}, {'A0': 1, 'A1': 0, 'A2': 1, 'A3': 1, 'B0': 1, 'B1': 0, 'B2': 1, 'B3': 0, 'C0': 0, 'C1': 1, 'C2': 0, 'C3': 0, 'D0': 0, 'D1': 1, 'D2': 0, 'D3': 1}, {'A0': 1, 'A1': 0, 'A2': 1, 'A3': 1, 'B0': 1, 'B1': 0, 'B2': 1, 'B3': 0, 'C0': 0, 'C1': 1, 'C2': 0, 'C3': 0, 'D0': 0, 'D1': 3, 'D2': 0, 'D3': 3}, 
2490.0, {'A0': -18.0, 'A1': -6.0, 'A2': 0, 'A3': 0, 'B0': 0, 'B1': 0, 'B2': 0, 'B3': 0, 'C0': -8.0, 'C1': -3.0, 'C2': 0, 'C3': -12.0, 'D0': 0, 'D1': -34.0, 'D2': -6.0, 'D3': -15.0}, {'A0': 1, 'A1': 1, 'A2': 0, 'A3': 0, 'B0': 0, 'B1': 0, 'B2': 0, 'B3': 0, 'C0': 1, 'C1': 1, 'C2': 0, 'C3': 1, 'D0': 0, 'D1': 1, 'D2': 1, 'D3': 1}, {'A0': 2, 'A1': 3, 'A2': 0, 'A3': 0, 'B0': 0, 'B1': 0, 'B2': 0, 'B3': 0, 'C0': 1, 'C1': 1, 'C2': 0, 'C3': 2, 'D0': 0, 'D1': 3, 'D2': 1, 'D3': 1}, 
2500.0, {'A0': 0, 'A1': -11.0, 'A2': 0, 'A3': 0, 'B0': 0, 'B1': 0, 'B2': 0, 'B3': 0, 'C0': 0, 'C1': 0, 'C2': 0, 'C3': -17.0, 'D0': 0, 'D1': -16.0, 'D2': -16.0, 'D3': -5.0}, {'A0': 0, 'A1': 1, 'A2': 0, 'A3': 0, 'B0': 0, 'B1': 0, 'B2': 0, 'B3': 0, 'C0': 0, 'C1': 0, 'C2': 0, 'C3': 1, 'D0': 0, 'D1': 1, 'D2': 1, 'D3': 1}, {'A0': 0, 'A1': 1, 'A2': 0, 'A3': 0, 'B0': 0, 'B1': 0, 'B2': 0, 'B3': 0, 'C0': 0, 'C1': 0, 'C2': 0, 'C3': 2, 'D0': 0, 'D1': 1, 'D2': 1, 'D3': 1}, 
2510.0, {'A0': 0, 'A1': 0, 'A2': 0, 'A3': 0, 'B0': -8.0, 'B1': 0, 'B2': 0, 'B3': -5.0, 'C0': 0, 'C1': -17.0, 'C2': -8.0, 'C3': -39.0, 'D0': 0, 'D1': -4.0, 'D2': -17.0, 'D3': 0}, {'A0': 0, 'A1': 0, 'A2': 0, 'A3': 0, 'B0': 1, 'B1': 0, 'B2': 0, 'B3': 1, 'C0': 0, 'C1': 1, 'C2': 1, 'C3': 2, 'D0': 0, 'D1': 1, 'D2': 1, 'D3': 0}, {'A0': 0, 'A1': 0, 'A2': 0, 'A3': 0, 'B0': 1, 'B1': 0, 'B2': 0, 'B3': 1, 'C0': 0, 'C1': 2, 'C2': 1, 'C3': 4, 'D0': 0, 'D1': 1, 'D2': 1, 'D3': 0}, 
2520.0, {'A0': -6.0, 'A1': -2.0, 'A2': 0, 'A3': 0, 'B0': 0, 'B1': -10.0, 'B2': 0, 'B3': -12.0, 'C0': 0, 'C1': -20.0, 'C2': 0, 'C3': -25.0, 'D0': 0, 'D1': 0, 'D2': -1.0, 'D3': -4.0}, {'A0': 1, 'A1': 1, 'A2': 0, 'A3': 0, 'B0': 0, 'B1': 1, 'B2': 0, 'B3': 1, 'C0': 0, 'C1': 1, 'C2': 0, 'C3': 2, 'D0': 0, 'D1': 0, 'D2': 1, 'D3': 1}, {'A0': 1, 'A1': 1, 'A2': 0, 'A3': 0, 'B0': 0, 'B1': 2, 'B2': 0, 'B3': 2, 'C0': 0, 'C1': 1, 'C2': 0, 'C3': 2, 'D0': 0, 'D1': 0, 'D2': 1, 'D3': 1}, 
2530.0, {'A0': 0, 'A1': 0, 'A2': -4.0, 'A3': 0, 'B0': -6.0, 'B1': -10.0, 'B2': 0, 'B3': 0, 'C0': 0, 'C1': 0, 'C2': -11.0, 'C3': -10.0, 'D0': -9.0, 'D1': -4.0, 'D2': -1.0, 'D3': -2.0}, {'A0': 0, 'A1': 0, 'A2': 1, 'A3': 0, 'B0': 1, 'B1': 1, 'B2': 0, 'B3': 0, 'C0': 0, 'C1': 0, 'C2': 2, 'C3': 1, 'D0': 1, 'D1': 1, 'D2': 1, 'D3': 1}, {'A0': 0, 'A1': 0, 'A2': 1, 'A3': 0, 'B0': 1, 'B1': 1, 'B2': 0, 'B3': 0, 'C0': 0, 'C1': 0, 'C2': 2, 'C3': 1, 'D0': 1, 'D1': 1, 'D2': 1, 'D3': 1}, 
2540.0, {'A0': -9.0, 'A1': 0, 'A2': 0, 'A3': -18.0, 'B0': 0, 'B1': 0, 'B2': 0, 'B3': 0, 'C0': 0, 'C1': 0, 'C2': 0, 'C3': 0, 'D0': 0, 'D1': -4.0, 'D2': 0, 'D3': -12.0}, {'A0': 1, 'A1': 0, 'A2': 0, 'A3': 1, 'B0': 0, 'B1': 0, 'B2': 0, 'B3': 0, 'C0': 0, 'C1': 0, 'C2': 0, 'C3': 0, 'D0': 0, 'D1': 1, 'D2': 0, 'D3': 1}, {'A0': 2, 'A1': 0, 'A2': 0, 'A3': 1, 'B0': 0, 'B1': 0, 'B2': 0, 'B3': 0, 'C0': 0, 'C1': 0, 'C2': 0, 'C3': 0, 'D0': 0, 'D1': 1, 'D2': 0, 'D3': 1}, 
2550.0, {'A0': -15.0, 'A1': 0, 'A2': 0, 'A3': -19.0, 'B0': 0, 'B1': -7.0, 'B2': 0, 'B3': 0, 'C0': 0, 'C1': -9.0, 'C2': 0, 'C3': 0, 'D0': -7.0, 'D1': -7.0, 'D2': -7.0, 'D3': 0}, {'A0': 2, 'A1': 0, 'A2': 0, 'A3': 2, 'B0': 0, 'B1': 1, 'B2': 0, 'B3': 0, 'C0': 0, 'C1': 1, 'C2': 0, 'C3': 0, 'D0': 1, 'D1': 1, 'D2': 1, 'D3': 0}, {'A0': 3, 'A1': 0, 'A2': 0, 'A3': 4, 'B0': 0, 'B1': 1, 'B2': 0, 'B3': 0, 'C0': 0, 'C1': 1, 'C2': 0, 'C3': 0, 'D0': 1, 'D1': 1, 'D2': 1, 'D3': 0}, 
2560.0, {'A0': -11.0, 'A1': 0, 'A2': 0, 'A3': -11.0, 'B0': 0, 'B1': -14.0, 'B2': 0, 'B3': -8.0, 'C0': 0, 'C1': -28.0, 'C2': 0, 'C3': -17.0, 'D0': 0, 'D1': -13.0, 'D2': 0, 'D3': -7.0}, {'A0': 1, 'A1': 0, 'A2': 0, 'A3': 1, 'B0': 0, 'B1': 1, 'B2': 0, 'B3': 2, 'C0': 0, 'C1': 1, 'C2': 0, 'C3': 1, 'D0': 0, 'D1': 1, 'D2': 0, 'D3': 1}, {'A0': 1, 'A1': 0, 'A2': 0, 'A3': 2, 'B0': 0, 'B1': 2, 'B2': 0, 'B3': 2, 'C0': 0, 'C1': 2, 'C2': 0, 'C3': 2, 'D0': 0, 'D1': 3, 'D2': 0, 'D3': 1}, 
2570.0, {'A0': 0, 'A1': -9.0, 'A2': 0, 'A3': 0, 'B0': 0, 'B1': -18.0, 'B2': -20.0, 'B3': 0, 'C0': -6.0, 'C1': 0, 'C2': 0, 'C3': -27.0, 'D0': 0, 'D1': -31.0, 'D2': 0, 'D3': 0}, {'A0': 0, 'A1': 1, 'A2': 0, 'A3': 0, 'B0': 0, 'B1': 1, 'B2': 2, 'B3': 0, 'C0': 1, 'C1': 0, 'C2': 0, 'C3': 1, 'D0': 0, 'D1': 1, 'D2': 0, 'D3': 0}, {'A0': 0, 'A1': 2, 'A2': 0, 'A3': 0, 'B0': 0, 'B1': 1, 'B2': 3, 'B3': 0, 'C0': 1, 'C1': 0, 'C2': 0, 'C3': 2, 'D0': 0, 'D1': 3, 'D2': 0, 'D3': 0}, 
2580.0, {'A0': -10.0, 'A1': -18.0, 'A2': 0, 'A3': 0, 'B0': -19.0, 'B1': -3.0, 'B2': 0, 'B3': 0, 'C0': 0, 'C1': 0, 'C2': 0, 'C3': -20.0, 'D0': 0, 'D1': -33.0, 'D2': 0, 'D3': 0}, {'A0': 1, 'A1': 1, 'A2': 0, 'A3': 0, 'B0': 1, 'B1': 1, 'B2': 0, 'B3': 0, 'C0': 0, 'C1': 0, 'C2': 0, 'C3': 1, 'D0': 0, 'D1': 1, 'D2': 0, 'D3': 0}, {'A0': 1, 'A1': 2, 'A2': 0, 'A3': 0, 'B0': 2, 'B1': 1, 'B2': 0, 'B3': 0, 'C0': 0, 'C1': 0, 'C2': 0, 'C3': 1, 'D0': 0, 'D1': 2, 'D2': 0, 'D3': 0}, 
2590.0, {'A0': -20.0, 'A1': 0, 'A2': 0, 'A3': 0, 'B0': 0, 'B1': 0, 'B2': 0, 'B3': -9.0, 'C0': 0, 'C1': 0, 'C2': 0, 'C3': -7.0, 'D0': -10.0, 'D1': -3.0, 'D2': -4.0, 'D3': -8.0}, {'A0': 1, 'A1': 0, 'A2': 0, 'A3': 0, 'B0': 0, 'B1': 0, 'B2': 0, 'B3': 1, 'C0': 0, 'C1': 0, 'C2': 0, 'C3': 1, 'D0': 1, 'D1': 1, 'D2': 1, 'D3': 1}, {'A0': 1, 'A1': 0, 'A2': 0, 'A3': 0, 'B0': 0, 'B1': 0, 'B2': 0, 'B3': 1, 'C0': 0, 'C1': 0, 'C2': 0, 'C3': 1, 'D0': 2, 'D1': 1, 'D2': 1, 'D3': 1}, 
2600.0, {'A0': -6.0, 'A1': 0, 'A2': 0, 'A3': -6.0, 'B0': 0, 'B1': -10.0, 'B2': 0, 'B3': 0, 'C0': 0, 'C1': -9.0, 'C2': 0, 'C3': 0, 'D0': -25.0, 'D1': 0, 'D2': 0, 'D3': 0}, {'A0': 1, 'A1': 0, 'A2': 0, 'A3': 2, 'B0': 0, 'B1': 1, 'B2': 0, 'B3': 0, 'C0': 0, 'C1': 2, 'C2': 0, 'C3': 0, 'D0': 2, 'D1': 0, 'D2': 0, 'D3': 0}, {'A0': 1, 'A1': 0, 'A2': 0, 'A3': 2, 'B0': 0, 'B1': 1, 'B2': 0, 'B3': 0, 'C0': 0, 'C1': 2, 'C2': 0, 'C3': 0, 'D0': 2, 'D1': 0, 'D2': 0, 'D3': 0}, 
2610.0, {'A0': 0, 'A1': 0, 'A2': -11.0, 'A3': 0, 'B0': 0, 'B1': 0, 'B2': 0, 'B3': 0, 'C0': 0, 'C1': 0, 'C2': 0, 'C3': 0, 'D0': -13.0, 'D1': 0, 'D2': 0, 'D3': 0}, {'A0': 0, 'A1': 0, 'A2': 2, 'A3': 0, 'B0': 0, 'B1': 0, 'B2': 0, 'B3': 0, 'C0': 0, 'C1': 0, 'C2': 0, 'C3': 0, 'D0': 1, 'D1': 0, 'D2': 0, 'D3': 0}, {'A0': 0, 'A1': 0, 'A2': 2, 'A3': 0, 'B0': 0, 'B1': 0, 'B2': 0, 'B3': 0, 'C0': 0, 'C1': 0, 'C2': 0, 'C3': 0, 'D0': 2, 'D1': 0, 'D2': 0, 'D3': 0}, 
2620.0, {'A0': -10.0, 'A1': -4.0, 'A2': -4.0, 'A3': 0, 'B0': 0, 'B1': -4.0, 'B2': 0, 'B3': -9.0, 'C0': -9.0, 'C1': -1.0, 'C2': 0, 'C3': 0, 'D0': -18.0, 'D1': 0, 'D2': -10.0, 'D3': 0}, {'A0': 1, 'A1': 1, 'A2': 1, 'A3': 0, 'B0': 0, 'B1': 1, 'B2': 0, 'B3': 1, 'C0': 1, 'C1': 1, 'C2': 0, 'C3': 0, 'D0': 2, 'D1': 0, 'D2': 1, 'D3': 0}, {'A0': 1, 'A1': 1, 'A2': 1, 'A3': 0, 'B0': 0, 'B1': 1, 'B2': 0, 'B3': 1, 'C0': 1, 'C1': 1, 'C2': 0, 'C3': 0, 'D0': 2, 'D1': 0, 'D2': 1, 'D3': 0}, 
2630.0, {'A0': -18.0, 'A1': -9.0, 'A2': 0, 'A3': 0, 'B0': -9.0, 'B1': 0, 'B2': -5.0, 'B3': 0, 'C0': 0, 'C1': 0, 'C2': -7.0, 'C3': 0, 'D0': -5.0, 'D1': -6.0, 'D2': 0, 'D3': -22.0}, {'A0': 1, 'A1': 1, 'A2': 0, 'A3': 0, 'B0': 1, 'B1': 0, 'B2': 1, 'B3': 0, 'C0': 0, 'C1': 0, 'C2': 1, 'C3': 0, 'D0': 1, 'D1': 1, 'D2': 0, 'D3': 1}, {'A0': 1, 'A1': 1, 'A2': 0, 'A3': 0, 'B0': 1, 'B1': 0, 'B2': 1, 'B3': 0, 'C0': 0, 'C1': 0, 'C2': 1, 'C3': 0, 'D0': 1, 'D1': 1, 'D2': 0, 'D3': 1}, 
2640.0, {'A0': 0, 'A1': -4.0, 'A2': 0, 'A3': -15.0, 'B0': 0, 'B1': 0, 'B2': 0, 'B3': 0, 'C0': 0, 'C1': 0, 'C2': -7.0, 'C3': 0, 'D0': -3.0, 'D1': 0, 'D2': 0, 'D3': 0}, {'A0': 0, 'A1': 1, 'A2': 0, 'A3': 1, 'B0': 0, 'B1': 0, 'B2': 0, 'B3': 0, 'C0': 0, 'C1': 0, 'C2': 1, 'C3': 0, 'D0': 1, 'D1': 0, 'D2': 0, 'D3': 0}, {'A0': 0, 'A1': 1, 'A2': 0, 'A3': 2, 'B0': 0, 'B1': 0, 'B2': 0, 'B3': 0, 'C0': 0, 'C1': 0, 'C2': 1, 'C3': 0, 'D0': 1, 'D1': 0, 'D2': 0, 'D3': 0}, 
2650.0, {'A0': 0, 'A1': 0, 'A2': 0, 'A3': -20.0, 'B0': 0, 'B1': -8.0, 'B2': -4.0, 'B3': 0, 'C0': 0, 'C1': -10.0, 'C2': 0, 'C3': 0, 'D0': 0, 'D1': 0, 'D2': 0, 'D3': 0}, {'A0': 0, 'A1': 0, 'A2': 0, 'A3': 1, 'B0': 0, 'B1': 1, 'B2': 1, 'B3': 0, 'C0': 0, 'C1': 1, 'C2': 0, 'C3': 0, 'D0': 0, 'D1': 0, 'D2': 0, 'D3': 0}, {'A0': 0, 'A1': 0, 'A2': 0, 'A3': 1, 'B0': 0, 'B1': 1, 'B2': 1, 'B3': 0, 'C0': 0, 'C1': 1, 'C2': 0, 'C3': 0, 'D0': 0, 'D1': 0, 'D2': 0, 'D3': 0}, 
2660.0, {'A0': 0, 'A1': 0, 'A2': 0, 'A3': -14.0, 'B0': -6.0, 'B1': -16.0, 'B2': 0, 'B3': 0, 'C0': 0, 'C1': -6.0, 'C2': 0, 'C3': 0, 'D0': 0, 'D1': 0, 'D2': 0, 'D3': 0}, {'A0': 0, 'A1': 0, 'A2': 0, 'A3': 1, 'B0': 1, 'B1': 1, 'B2': 0, 'B3': 0, 'C0': 0, 'C1': 1, 'C2': 0, 'C3': 0, 'D0': 0, 'D1': 0, 'D2': 0, 'D3': 0}, {'A0': 0, 'A1': 0, 'A2': 0, 'A3': 2, 'B0': 1, 'B1': 2, 'B2': 0, 'B3': 0, 'C0': 0, 'C1': 1, 'C2': 0, 'C3': 0, 'D0': 0, 'D1': 0, 'D2': 0, 'D3': 0}, 
2670.0, {'A0': 0, 'A1': 0, 'A2': -8.0, 'A3': -16.0, 'B0': 0, 'B1': -16.0, 'B2': 0, 'B3': 0, 'C0': -19.0, 'C1': 0, 'C2': -1.0, 'C3': 0, 'D0': 0, 'D1': -5.0, 'D2': -14.0, 'D3': 0}, {'A0': 0, 'A1': 0, 'A2': 1, 'A3': 1, 'B0': 0, 'B1': 1, 'B2': 0, 'B3': 0, 'C0': 1, 'C1': 0, 'C2': 1, 'C3': 0, 'D0': 0, 'D1': 1, 'D2': 2, 'D3': 0}, {'A0': 0, 'A1': 0, 'A2': 1, 'A3': 1, 'B0': 0, 'B1': 1, 'B2': 0, 'B3': 0, 'C0': 2, 'C1': 0, 'C2': 1, 'C3': 0, 'D0': 0, 'D1': 1, 'D2': 2, 'D3': 0}, 
2680.0, {'A0': 0, 'A1': -8.0, 'A2': -6.0, 'A3': 0, 'B0': -10.0, 'B1': 0, 'B2': -18.0, 'B3': 0, 'C0': -7.0, 'C1': 0, 'C2': 0, 'C3': 0, 'D0': 0, 'D1': 0, 'D2': 0, 'D3': 0}, {'A0': 0, 'A1': 1, 'A2': 1, 'A3': 0, 'B0': 1, 'B1': 0, 'B2': 2, 'B3': 0, 'C0': 1, 'C1': 0, 'C2': 0, 'C3': 0, 'D0': 0, 'D1': 0, 'D2': 0, 'D3': 0}, {'A0': 0, 'A1': 1, 'A2': 1, 'A3': 0, 'B0': 1, 'B1': 0, 'B2': 2, 'B3': 0, 'C0': 1, 'C1': 0, 'C2': 0, 'C3': 0, 'D0': 0, 'D1': 0, 'D2': 0, 'D3': 0}, 
2690.0, {'A0': -7.0, 'A1': 0, 'A2': 0, 'A3': 0, 'B0': 0, 'B1': 0, 'B2': 0, 'B3': 0, 'C0': -4.0, 'C1': 0, 'C2': 0, 'C3': -7.0, 'D0': 0, 'D1': 0, 'D2': 0, 'D3': -8.0}, {'A0': 1, 'A1': 0, 'A2': 0, 'A3': 0, 'B0': 0, 'B1': 0, 'B2': 0, 'B3': 0, 'C0': 1, 'C1': 0, 'C2': 0, 'C3': 1, 'D0': 0, 'D1': 0, 'D2': 0, 'D3': 1}, {'A0': 1, 'A1': 0, 'A2': 0, 'A3': 0, 'B0': 0, 'B1': 0, 'B2': 0, 'B3': 0, 'C0': 1, 'C1': 0, 'C2': 0, 'C3': 1, 'D0': 0, 'D1': 0, 'D2': 0, 'D3': 1}, 
2700.0, {'A0': 0, 'A1': 0, 'A2': -8.0, 'A3': 0, 'B0': 0, 'B1': 0, 'B2': 0, 'B3': 0, 'C0': 0, 'C1': 0, 'C2': 0, 'C3': 0, 'D0': 0, 'D1': 0, 'D2': 0, 'D3': 0}, {'A0': 0, 'A1': 0, 'A2': 1, 'A3': 0, 'B0': 0, 'B1': 0, 'B2': 0, 'B3': 0, 'C0': 0, 'C1': 0, 'C2': 0, 'C3': 0, 'D0': 0, 'D1': 0, 'D2': 0, 'D3': 0}, {'A0': 0, 'A1': 0, 'A2': 1, 'A3': 0, 'B0': 0, 'B1': 0, 'B2': 0, 'B3': 0, 'C0': 0, 'C1': 0, 'C2': 0, 'C3': 0, 'D0': 0, 'D1': 0, 'D2': 0, 'D3': 0}, 
2710.0, {'A0': 0, 'A1': 0, 'A2': -4.0, 'A3': -1.0, 'B0': 0, 'B1': 0, 'B2': 0, 'B3': 0, 'C0': 0, 'C1': -7.0, 'C2': 0, 'C3': 0, 'D0': -7.0, 'D1': 0, 'D2': 0, 'D3': -6.0}, {'A0': 0, 'A1': 0, 'A2': 1, 'A3': 1, 'B0': 0, 'B1': 0, 'B2': 0, 'B3': 0, 'C0': 0, 'C1': 1, 'C2': 0, 'C3': 0, 'D0': 1, 'D1': 0, 'D2': 0, 'D3': 1}, {'A0': 0, 'A1': 0, 'A2': 1, 'A3': 1, 'B0': 0, 'B1': 0, 'B2': 0, 'B3': 0, 'C0': 0, 'C1': 1, 'C2': 0, 'C3': 0, 'D0': 1, 'D1': 0, 'D2': 0, 'D3': 1}, 
2720.0, {'A0': 0, 'A1': -7.0, 'A2': -18.0, 'A3': 0, 'B0': -10.0, 'B1': 0, 'B2': 0, 'B3': 0, 'C0': -10.0, 'C1': 0, 'C2': 0, 'C3': 0, 'D0': 0, 'D1': 0, 'D2': 0, 'D3': -9.0}, {'A0': 0, 'A1': 1, 'A2': 2, 'A3': 0, 'B0': 1, 'B1': 0, 'B2': 0, 'B3': 0, 'C0': 1, 'C1': 0, 'C2': 0, 'C3': 0, 'D0': 0, 'D1': 0, 'D2': 0, 'D3': 2}, {'A0': 0, 'A1': 1, 'A2': 3, 'A3': 0, 'B0': 2, 'B1': 0, 'B2': 0, 'B3': 0, 'C0': 1, 'C1': 0, 'C2': 0, 'C3': 0, 'D0': 0, 'D1': 0, 'D2': 0, 'D3': 2}, 
2730.0, {'A0': 0, 'A1': 0, 'A2': -4.0, 'A3': -15.0, 'B0': -9.0, 'B1': 0, 'B2': 0, 'B3': -8.0, 'C0': -6.0, 'C1': 0, 'C2': -5.0, 'C3': 0, 'D0': 0, 'D1': -3.0, 'D2': -11.0, 'D3': 0}, {'A0': 0, 'A1': 0, 'A2': 1, 'A3': 1, 'B0': 1, 'B1': 0, 'B2': 0, 'B3': 1, 'C0': 1, 'C1': 0, 'C2': 1, 'C3': 0, 'D0': 0, 'D1': 1, 'D2': 1, 'D3': 0}, {'A0': 0, 'A1': 0, 'A2': 1, 'A3': 1, 'B0': 1, 'B1': 0, 'B2': 0, 'B3': 1, 'C0': 1, 'C1': 0, 'C2': 1, 'C3': 0, 'D0': 0, 'D1': 1, 'D2': 2, 'D3': 0}, 
2740.0, {'A0': 0, 'A1': 0, 'A2': 0, 'A3': 0, 'B0': 0, 'B1': -7.0, 'B2': -5.0, 'B3': -5.0, 'C0': -4.0, 'C1': 0, 'C2': 0, 'C3': 0, 'D0': 0, 'D1': 0, 'D2': -15.0, 'D3': -1.0}, {'A0': 0, 'A1': 0, 'A2': 0, 'A3': 0, 'B0': 0, 'B1': 1, 'B2': 1, 'B3': 1, 'C0': 1, 'C1': 0, 'C2': 0, 'C3': 0, 'D0': 0, 'D1': 0, 'D2': 1, 'D3': 1}, {'A0': 0, 'A1': 0, 'A2': 0, 'A3': 0, 'B0': 0, 'B1': 1, 'B2': 1, 'B3': 1, 'C0': 1, 'C1': 0, 'C2': 0, 'C3': 0, 'D0': 0, 'D1': 0, 'D2': 1, 'D3': 1}, 
2750.0, {'A0': 0, 'A1': 0, 'A2': 0, 'A3': 0, 'B0': -3.0, 'B1': -9.0, 'B2': -3.0, 'B3': 0, 'C0': 0, 'C1': 0, 'C2': 0, 'C3': -8.0, 'D0': 0, 'D1': 0, 'D2': 0, 'D3': 0}, {'A0': 0, 'A1': 0, 'A2': 0, 'A3': 0, 'B0': 1, 'B1': 1, 'B2': 1, 'B3': 0, 'C0': 0, 'C1': 0, 'C2': 0, 'C3': 1, 'D0': 0, 'D1': 0, 'D2': 0, 'D3': 0}, {'A0': 0, 'A1': 0, 'A2': 0, 'A3': 0, 'B0': 1, 'B1': 2, 'B2': 1, 'B3': 0, 'C0': 0, 'C1': 0, 'C2': 0, 'C3': 1, 'D0': 0, 'D1': 0, 'D2': 0, 'D3': 0}, 
2760.0, {'A0': -5.0, 'A1': 0, 'A2': -3.0, 'A3': 0, 'B0': 0, 'B1': -11.0, 'B2': 0, 'B3': 0, 'C0': 0, 'C1': 0, 'C2': -10.0, 'C3': 0, 'D0': -2.0, 'D1': 0, 'D2': -5.0, 'D3': 0}, {'A0': 1, 'A1': 0, 'A2': 1, 'A3': 0, 'B0': 0, 'B1': 1, 'B2': 0, 'B3': 0, 'C0': 0, 'C1': 0, 'C2': 1, 'C3': 0, 'D0': 1, 'D1': 0, 'D2': 1, 'D3': 0}, {'A0': 1, 'A1': 0, 'A2': 1, 'A3': 0, 'B0': 0, 'B1': 1, 'B2': 0, 'B3': 0, 'C0': 0, 'C1': 0, 'C2': 1, 'C3': 0, 'D0': 1, 'D1': 0, 'D2': 1, 'D3': 0}, 
2770.0, {'A0': 0, 'A1': -18.0, 'A2': 0, 'A3': -9.0, 'B0': -10.0, 'B1': 0, 'B2': 0, 'B3': 0, 'C0': -9.0, 'C1': -8.0, 'C2': 0, 'C3': 0, 'D0': 0, 'D1': 0, 'D2': 0, 'D3': -9.0}, {'A0': 0, 'A1': 1, 'A2': 0, 'A3': 1, 'B0': 2, 'B1': 0, 'B2': 0, 'B3': 0, 'C0': 1, 'C1': 1, 'C2': 0, 'C3': 0, 'D0': 0, 'D1': 0, 'D2': 0, 'D3': 1}, {'A0': 0, 'A1': 1, 'A2': 0, 'A3': 2, 'B0': 3, 'B1': 0, 'B2': 0, 'B3': 0, 'C0': 1, 'C1': 2, 'C2': 0, 'C3': 0, 'D0': 0, 'D1': 0, 'D2': 0, 'D3': 1}, 
2780.0, {'A0': -5.0, 'A1': 0, 'A2': 0, 'A3': -26.0, 'B0': -5.0, 'B1': 0, 'B2': 0, 'B3': 0, 'C0': -19.0, 'C1': -10.0, 'C2': -17.0, 'C3': 0, 'D0': 0, 'D1': 0, 'D2': -13.0, 'D3': 0}, {'A0': 2, 'A1': 0, 'A2': 0, 'A3': 1, 'B0': 1, 'B1': 0, 'B2': 0, 'B3': 0, 'C0': 1, 'C1': 1, 'C2': 1, 'C3': 0, 'D0': 0, 'D1': 0, 'D2': 1, 'D3': 0}, {'A0': 2, 'A1': 0, 'A2': 0, 'A3': 1, 'B0': 1, 'B1': 0, 'B2': 0, 'B3': 0, 'C0': 1, 'C1': 1, 'C2': 2, 'C3': 0, 'D0': 0, 'D1': 0, 'D2': 2, 'D3': 0}, 
2790.0, {'A0': 0, 'A1': -7.0, 'A2': 0, 'A3': -3.0, 'B0': 0, 'B1': 0, 'B2': 0, 'B3': 0, 'C0': 0, 'C1': 0, 'C2': 0, 'C3': 0, 'D0': 0, 'D1': 0, 'D2': -10.0, 'D3': -9.0}, {'A0': 0, 'A1': 1, 'A2': 0, 'A3': 1, 'B0': 0, 'B1': 0, 'B2': 0, 'B3': 0, 'C0': 0, 'C1': 0, 'C2': 0, 'C3': 0, 'D0': 0, 'D1': 0, 'D2': 1, 'D3': 1}, {'A0': 0, 'A1': 1, 'A2': 0, 'A3': 1, 'B0': 0, 'B1': 0, 'B2': 0, 'B3': 0, 'C0': 0, 'C1': 0, 'C2': 0, 'C3': 0, 'D0': 0, 'D1': 0, 'D2': 1, 'D3': 1}, 
2800.0, {'A0': 0, 'A1': -3.0, 'A2': -3.0, 'A3': -1.0, 'B0': 0, 'B1': 0, 'B2': -10.0, 'B3': 0, 'C0': 0, 'C1': 0, 'C2': 0, 'C3': 0, 'D0': 0, 'D1': 0, 'D2': 0, 'D3': 0}, {'A0': 0, 'A1': 1, 'A2': 1, 'A3': 1, 'B0': 0, 'B1': 0, 'B2': 1, 'B3': 0, 'C0': 0, 'C1': 0, 'C2': 0, 'C3': 0, 'D0': 0, 'D1': 0, 'D2': 0, 'D3': 0}, {'A0': 0, 'A1': 1, 'A2': 1, 'A3': 1, 'B0': 0, 'B1': 0, 'B2': 1, 'B3': 0, 'C0': 0, 'C1': 0, 'C2': 0, 'C3': 0, 'D0': 0, 'D1': 0, 'D2': 0, 'D3': 0}, 
2810.0, {'A0': -13.0, 'A1': 0, 'A2': -6.0, 'A3': 0, 'B0': 0, 'B1': -7.0, 'B2': 0, 'B3': 0, 'C0': 0, 'C1': 0, 'C2': 0, 'C3': -10.0, 'D0': 0, 'D1': 0, 'D2': 0, 'D3': 0}, {'A0': 1, 'A1': 0, 'A2': 1, 'A3': 0, 'B0': 0, 'B1': 1, 'B2': 0, 'B3': 0, 'C0': 0, 'C1': 0, 'C2': 0, 'C3': 1, 'D0': 0, 'D1': 0, 'D2': 0, 'D3': 0}, {'A0': 2, 'A1': 0, 'A2': 1, 'A3': 0, 'B0': 0, 'B1': 1, 'B2': 0, 'B3': 0, 'C0': 0, 'C1': 0, 'C2': 0, 'C3': 1, 'D0': 0, 'D1': 0, 'D2': 0, 'D3': 0}, 
2820.0, {'A0': 0, 'A1': 0, 'A2': 0, 'A3': 0, 'B0': 0, 'B1': 0, 'B2': -9.0, 'B3': 0, 'C0': 0, 'C1': 0, 'C2': 0, 'C3': -3.0, 'D0': 0, 'D1': 0, 'D2': -7.0, 'D3': 0}, {'A0': 0, 'A1': 0, 'A2': 0, 'A3': 0, 'B0': 0, 'B1': 0, 'B2': 1, 'B3': 0, 'C0': 0, 'C1': 0, 'C2': 0, 'C3': 1, 'D0': 0, 'D1': 0, 'D2': 1, 'D3': 0}, {'A0': 0, 'A1': 0, 'A2': 0, 'A3': 0, 'B0': 0, 'B1': 0, 'B2': 2, 'B3': 0, 'C0': 0, 'C1': 0, 'C2': 0, 'C3': 1, 'D0': 0, 'D1': 0, 'D2': 1, 'D3': 0}, 
2830.0, {'A0': -10.0, 'A1': -1.0, 'A2': -1.0, 'A3': 0, 'B0': 0, 'B1': 0, 'B2': -17.0, 'B3': -6.0, 'C0': -14.0, 'C1': 0, 'C2': -7.0, 'C3': 0, 'D0': 0, 'D1': -4.0, 'D2': 0, 'D3': 0}, {'A0': 1, 'A1': 1, 'A2': 1, 'A3': 0, 'B0': 0, 'B1': 0, 'B2': 1, 'B3': 1, 'C0': 1, 'C1': 0, 'C2': 1, 'C3': 0, 'D0': 0, 'D1': 1, 'D2': 0, 'D3': 0}, {'A0': 1, 'A1': 1, 'A2': 1, 'A3': 0, 'B0': 0, 'B1': 0, 'B2': 1, 'B3': 1, 'C0': 1, 'C1': 0, 'C2': 1, 'C3': 0, 'D0': 0, 'D1': 1, 'D2': 0, 'D3': 0}, 
2840.0, {'A0': 0, 'A1': 0, 'A2': -23.0, 'A3': 0, 'B0': 0, 'B1': 0, 'B2': -9.0, 'B3': 0, 'C0': 0, 'C1': 0, 'C2': -17.0, 'C3': 0, 'D0': -6.0, 'D1': 0, 'D2': 0, 'D3': 0}, {'A0': 0, 'A1': 0, 'A2': 2, 'A3': 0, 'B0': 0, 'B1': 0, 'B2': 1, 'B3': 0, 'C0': 0, 'C1': 0, 'C2': 1, 'C3': 0, 'D0': 1, 'D1': 0, 'D2': 0, 'D3': 0}, {'A0': 0, 'A1': 0, 'A2': 3, 'A3': 0, 'B0': 0, 'B1': 0, 'B2': 1, 'B3': 0, 'C0': 0, 'C1': 0, 'C2': 1, 'C3': 0, 'D0': 1, 'D1': 0, 'D2': 0, 'D3': 0}, 
2850.0, {'A0': 0, 'A1': -9.0, 'A2': 0, 'A3': 0, 'B0': -3.0, 'B1': 0, 'B2': -10.0, 'B3': 0, 'C0': 0, 'C1': -2.0, 'C2': 0, 'C3': 0, 'D0': 0, 'D1': -2.0, 'D2': 0, 'D3': 0}, {'A0': 0, 'A1': 1, 'A2': 0, 'A3': 0, 'B0': 1, 'B1': 0, 'B2': 1, 'B3': 0, 'C0': 0, 'C1': 1, 'C2': 0, 'C3': 0, 'D0': 0, 'D1': 1, 'D2': 0, 'D3': 0}, {'A0': 0, 'A1': 1, 'A2': 0, 'A3': 0, 'B0': 1, 'B1': 0, 'B2': 1, 'B3': 0, 'C0': 0, 'C1': 1, 'C2': 0, 'C3': 0, 'D0': 0, 'D1': 1, 'D2': 0, 'D3': 0}, 
2860.0, {'A0': 0, 'A1': -6.0, 'A2': -2.0, 'A3': 0, 'B0': 0, 'B1': 0, 'B2': 0, 'B3': 0, 'C0': -15.0, 'C1': -2.0, 'C2': 0, 'C3': 0, 'D0': 0, 'D1': 0, 'D2': 0, 'D3': 0}, {'A0': 0, 'A1': 1, 'A2': 1, 'A3': 0, 'B0': 0, 'B1': 0, 'B2': 0, 'B3': 0, 'C0': 1, 'C1': 1, 'C2': 0, 'C3': 0, 'D0': 0, 'D1': 0, 'D2': 0, 'D3': 0}, {'A0': 0, 'A1': 1, 'A2': 1, 'A3': 0, 'B0': 0, 'B1': 0, 'B2': 0, 'B3': 0, 'C0': 2, 'C1': 1, 'C2': 0, 'C3': 0, 'D0': 0, 'D1': 0, 'D2': 0, 'D3': 0}, 
2870.0, {'A0': 0, 'A1': 0, 'A2': -5.0, 'A3': -8.0, 'B0': -8.0, 'B1': 0, 'B2': 0, 'B3': 0, 'C0': -6.0, 'C1': 0, 'C2': 0, 'C3': -8.0, 'D0': 0, 'D1': 0, 'D2': 0, 'D3': 0}, {'A0': 0, 'A1': 0, 'A2': 1, 'A3': 1, 'B0': 1, 'B1': 0, 'B2': 0, 'B3': 0, 'C0': 1, 'C1': 0, 'C2': 0, 'C3': 1, 'D0': 0, 'D1': 0, 'D2': 0, 'D3': 0}, {'A0': 0, 'A1': 0, 'A2': 2, 'A3': 1, 'B0': 1, 'B1': 0, 'B2': 0, 'B3': 0, 'C0': 1, 'C1': 0, 'C2': 0, 'C3': 1, 'D0': 0, 'D1': 0, 'D2': 0, 'D3': 0}, 
2880.0, {'A0': 0, 'A1': 0, 'A2': 0, 'A3': 0, 'B0': 0, 'B1': 0, 'B2': 0, 'B3': 0, 'C0': 0, 'C1': 0, 'C2': 0, 'C3': 0, 'D0': -3.0, 'D1': 0, 'D2': -8.0, 'D3': 0}, {'A0': 0, 'A1': 0, 'A2': 0, 'A3': 0, 'B0': 0, 'B1': 0, 'B2': 0, 'B3': 0, 'C0': 0, 'C1': 0, 'C2': 0, 'C3': 0, 'D0': 1, 'D1': 0, 'D2': 1, 'D3': 0}, {'A0': 0, 'A1': 0, 'A2': 0, 'A3': 0, 'B0': 0, 'B1': 0, 'B2': 0, 'B3': 0, 'C0': 0, 'C1': 0, 'C2': 0, 'C3': 0, 'D0': 1, 'D1': 0, 'D2': 2, 'D3': 0}, 
2890.0, {'A0': -8.0, 'A1': 0, 'A2': -4.0, 'A3': 0, 'B0': 0, 'B1': -16.0, 'B2': -2.0, 'B3': 0, 'C0': 0, 'C1': 0, 'C2': 0, 'C3': 0, 'D0': 0, 'D1': -10.0, 'D2': -7.0, 'D3': -8.0}, {'A0': 1, 'A1': 0, 'A2': 1, 'A3': 0, 'B0': 0, 'B1': 1, 'B2': 1, 'B3': 0, 'C0': 0, 'C1': 0, 'C2': 0, 'C3': 0, 'D0': 0, 'D1': 1, 'D2': 1, 'D3': 1}, {'A0': 1, 'A1': 0, 'A2': 1, 'A3': 0, 'B0': 0, 'B1': 2, 'B2': 1, 'B3': 0, 'C0': 0, 'C1': 0, 'C2': 0, 'C3': 0, 'D0': 0, 'D1': 1, 'D2': 1, 'D3': 1}, 
2900.0, {'A0': -11.0, 'A1': 0, 'A2': 0, 'A3': -15.0, 'B0': -12.0, 'B1': 0, 'B2': -7.0, 'B3': 0, 'C0': 0, 'C1': 0, 'C2': 0, 'C3': 0, 'D0': -6.0, 'D1': 0, 'D2': 0, 'D3': -9.0}, {'A0': 1, 'A1': 0, 'A2': 0, 'A3': 1, 'B0': 1, 'B1': 0, 'B2': 1, 'B3': 0, 'C0': 0, 'C1': 0, 'C2': 0, 'C3': 0, 'D0': 1, 'D1': 0, 'D2': 0, 'D3': 2}, {'A0': 2, 'A1': 0, 'A2': 0, 'A3': 2, 'B0': 2, 'B1': 0, 'B2': 1, 'B3': 0, 'C0': 0, 'C1': 0, 'C2': 0, 'C3': 0, 'D0': 1, 'D1': 0, 'D2': 0, 'D3': 2}, 
2910.0, {'A0': 0, 'A1': 0, 'A2': 0, 'A3': -17.0, 'B0': -18.0, 'B1': 0, 'B2': 0, 'B3': 0, 'C0': -2.0, 'C1': 0, 'C2': 0, 'C3': 0, 'D0': 0, 'D1': -5.0, 'D2': 0, 'D3': -5.0}, {'A0': 0, 'A1': 0, 'A2': 0, 'A3': 1, 'B0': 1, 'B1': 0, 'B2': 0, 'B3': 0, 'C0': 1, 'C1': 0, 'C2': 0, 'C3': 0, 'D0': 0, 'D1': 1, 'D2': 0, 'D3': 1}, {'A0': 0, 'A1': 0, 'A2': 0, 'A3': 1, 'B0': 1, 'B1': 0, 'B2': 0, 'B3': 0, 'C0': 1, 'C1': 0, 'C2': 0, 'C3': 0, 'D0': 0, 'D1': 1, 'D2': 0, 'D3': 1}, 
2920.0, {'A0': 0, 'A1': -13.0, 'A2': 0, 'A3': 0, 'B0': -5.0, 'B1': 0, 'B2': 0, 'B3': 0, 'C0': -31.0, 'C1': 0, 'C2': 0, 'C3': 0, 'D0': 0, 'D1': -14.0, 'D2': 0, 'D3': 0}, {'A0': 0, 'A1': 1, 'A2': 0, 'A3': 0, 'B0': 1, 'B1': 0, 'B2': 0, 'B3': 0, 'C0': 3, 'C1': 0, 'C2': 0, 'C3': 0, 'D0': 0, 'D1': 1, 'D2': 0, 'D3': 0}, {'A0': 0, 'A1': 1, 'A2': 0, 'A3': 0, 'B0': 1, 'B1': 0, 'B2': 0, 'B3': 0, 'C0': 4, 'C1': 0, 'C2': 0, 'C3': 0, 'D0': 0, 'D1': 1, 'D2': 0, 'D3': 0}, 
2930.0, {'A0': 0, 'A1': 0, 'A2': -13.0, 'A3': 0, 'B0': 0, 'B1': 0, 'B2': -8.0, 'B3': -5.0, 'C0': 0, 'C1': -9.0, 'C2': -8.0, 'C3': -8.0, 'D0': 0, 'D1': 0, 'D2': 0, 'D3': 0}, {'A0': 0, 'A1': 0, 'A2': 1, 'A3': 0, 'B0': 0, 'B1': 0, 'B2': 1, 'B3': 1, 'C0': 0, 'C1': 1, 'C2': 1, 'C3': 1, 'D0': 0, 'D1': 0, 'D2': 0, 'D3': 0}, {'A0': 0, 'A1': 0, 'A2': 3, 'A3': 0, 'B0': 0, 'B1': 0, 'B2': 1, 'B3': 1, 'C0': 0, 'C1': 1, 'C2': 1, 'C3': 1, 'D0': 0, 'D1': 0, 'D2': 0, 'D3': 0}, 
2940.0, {'A0': 0, 'A1': -8.0, 'A2': -12.0, 'A3': -6.0, 'B0': 0, 'B1': -9.0, 'B2': 0, 'B3': -6.0, 'C0': 0, 'C1': 0, 'C2': 0, 'C3': 0, 'D0': 0, 'D1': -15.0, 'D2': 0, 'D3': -4.0}, {'A0': 0, 'A1': 1, 'A2': 1, 'A3': 1, 'B0': 0, 'B1': 1, 'B2': 0, 'B3': 1, 'C0': 0, 'C1': 0, 'C2': 0, 'C3': 0, 'D0': 0, 'D1': 1, 'D2': 0, 'D3': 1}, {'A0': 0, 'A1': 2, 'A2': 2, 'A3': 2, 'B0': 0, 'B1': 1, 'B2': 0, 'B3': 1, 'C0': 0, 'C1': 0, 'C2': 0, 'C3': 0, 'D0': 0, 'D1': 2, 'D2': 0, 'D3': 1}, 
2950.0, {'A0': 0, 'A1': -19.0, 'A2': 0, 'A3': -28.0, 'B0': 0, 'B1': 0, 'B2': 0, 'B3': 0, 'C0': 0, 'C1': 0, 'C2': 0, 'C3': 0, 'D0': 0, 'D1': -20.0, 'D2': 0, 'D3': 0}, {'A0': 0, 'A1': 1, 'A2': 0, 'A3': 2, 'B0': 0, 'B1': 0, 'B2': 0, 'B3': 0, 'C0': 0, 'C1': 0, 'C2': 0, 'C3': 0, 'D0': 0, 'D1': 1, 'D2': 0, 'D3': 0}, {'A0': 0, 'A1': 2, 'A2': 0, 'A3': 3, 'B0': 0, 'B1': 0, 'B2': 0, 'B3': 0, 'C0': 0, 'C1': 0, 'C2': 0, 'C3': 0, 'D0': 0, 'D1': 1, 'D2': 0, 'D3': 0}, 
2960.0, {'A0': -16.0, 'A1': -22.0, 'A2': 0, 'A3': -23.0, 'B0': -17.0, 'B1': 0, 'B2': 0, 'B3': 0, 'C0': 0, 'C1': 0, 'C2': 0, 'C3': 0, 'D0': -5.0, 'D1': 0, 'D2': 0, 'D3': 0}, {'A0': 1, 'A1': 1, 'A2': 0, 'A3': 1, 'B0': 2, 'B1': 0, 'B2': 0, 'B3': 0, 'C0': 0, 'C1': 0, 'C2': 0, 'C3': 0, 'D0': 1, 'D1': 0, 'D2': 0, 'D3': 0}, {'A0': 2, 'A1': 1, 'A2': 0, 'A3': 1, 'B0': 3, 'B1': 0, 'B2': 0, 'B3': 0, 'C0': 0, 'C1': 0, 'C2': 0, 'C3': 0, 'D0': 1, 'D1': 0, 'D2': 0, 'D3': 0}, 
2970.0, {'A0': 0, 'A1': -2.0, 'A2': 0, 'A3': 0, 'B0': 0, 'B1': -5.0, 'B2': -17.0, 'B3': -8.0, 'C0': 0, 'C1': 0, 'C2': -9.0, 'C3': 0, 'D0': 0, 'D1': 0, 'D2': 0, 'D3': 0}, {'A0': 0, 'A1': 1, 'A2': 0, 'A3': 0, 'B0': 0, 'B1': 1, 'B2': 1, 'B3': 1, 'C0': 0, 'C1': 0, 'C2': 1, 'C3': 0, 'D0': 0, 'D1': 0, 'D2': 0, 'D3': 0}, {'A0': 0, 'A1': 1, 'A2': 0, 'A3': 0, 'B0': 0, 'B1': 2, 'B2': 2, 'B3': 1, 'C0': 0, 'C1': 0, 'C2': 1, 'C3': 0, 'D0': 0, 'D1': 0, 'D2': 0, 'D3': 0}, 
2980.0, {'A0': 0, 'A1': 0, 'A2': -8.0, 'A3': 0, 'B0': -10.0, 'B1': -14.0, 'B2': -26.0, 'B3': 0, 'C0': 0, 'C1': -9.0, 'C2': 0, 'C3': -1.0, 'D0': -3.0, 'D1': -8.0, 'D2': 0, 'D3': 0}, {'A0': 0, 'A1': 0, 'A2': 1, 'A3': 0, 'B0': 1, 'B1': 1, 'B2': 1, 'B3': 0, 'C0': 0, 'C1': 1, 'C2': 0, 'C3': 1, 'D0': 1, 'D1': 1, 'D2': 0, 'D3': 0}, {'A0': 0, 'A1': 0, 'A2': 1, 'A3': 0, 'B0': 1, 'B1': 1, 'B2': 2, 'B3': 0, 'C0': 0, 'C1': 1, 'C2': 0, 'C3': 1, 'D0': 1, 'D1': 1, 'D2': 0, 'D3': 0}, 
2990.0, {'A0': 0, 'A1': 0, 'A2': -8.0, 'A3': 0, 'B0': 0, 'B1': 0, 'B2': 0, 'B3': -13.0, 'C0': -3.0, 'C1': 0, 'C2': 0, 'C3': 0, 'D0': -9.0, 'D1': 0, 'D2': -9.0, 'D3': -3.0}, {'A0': 0, 'A1': 0, 'A2': 1, 'A3': 0, 'B0': 0, 'B1': 0, 'B2': 0, 'B3': 3, 'C0': 1, 'C1': 0, 'C2': 0, 'C3': 0, 'D0': 1, 'D1': 0, 'D2': 1, 'D3': 1}, {'A0': 0, 'A1': 0, 'A2': 1, 'A3': 0, 'B0': 0, 'B1': 0, 'B2': 0, 'B3': 3, 'C0': 1, 'C1': 0, 'C2': 0, 'C3': 0, 'D0': 1, 'D1': 0, 'D2': 1, 'D3': 1}, 
3000.0, {'A0': -12.0, 'A1': 0, 'A2': 0, 'A3': -23.0, 'B0': 0, 'B1': -2.0, 'B2': 0, 'B3': 0, 'C0': -9.0, 'C1': 0, 'C2': 0, 'C3': 0, 'D0': 0, 'D1': 0, 'D2': 0, 'D3': 0}, {'A0': 1, 'A1': 0, 'A2': 0, 'A3': 2, 'B0': 0, 'B1': 1, 'B2': 0, 'B3': 0, 'C0': 1, 'C1': 0, 'C2': 0, 'C3': 0, 'D0': 0, 'D1': 0, 'D2': 0, 'D3': 0}, {'A0': 2, 'A1': 0, 'A2': 0, 'A3': 2, 'B0': 0, 'B1': 1, 'B2': 0, 'B3': 0, 'C0': 1, 'C1': 0, 'C2': 0, 'C3': 0, 'D0': 0, 'D1': 0, 'D2': 0, 'D3': 0}, 
3010.0, {'A0': 0, 'A1': -1.0, 'A2': 0, 'A3': 0, 'B0': 0, 'B1': 0, 'B2': 0, 'B3': 0, 'C0': 0, 'C1': 0, 'C2': 0, 'C3': 0, 'D0': 0, 'D1': -10.0, 'D2': 0, 'D3': 0}, {'A0': 0, 'A1': 1, 'A2': 0, 'A3': 0, 'B0': 0, 'B1': 0, 'B2': 0, 'B3': 0, 'C0': 0, 'C1': 0, 'C2': 0, 'C3': 0, 'D0': 0, 'D1': 1, 'D2': 0, 'D3': 0}, {'A0': 0, 'A1': 1, 'A2': 0, 'A3': 0, 'B0': 0, 'B1': 0, 'B2': 0, 'B3': 0, 'C0': 0, 'C1': 0, 'C2': 0, 'C3': 0, 'D0': 0, 'D1': 1, 'D2': 0, 'D3': 0}, 
3020.0, {'A0': 0, 'A1': 0, 'A2': -7.0, 'A3': -14.0, 'B0': 0, 'B1': 0, 'B2': 0, 'B3': 0, 'C0': -5.0, 'C1': -10.0, 'C2': -10.0, 'C3': 0, 'D0': 0, 'D1': 0, 'D2': 0, 'D3': 0}, {'A0': 0, 'A1': 0, 'A2': 1, 'A3': 1, 'B0': 0, 'B1': 0, 'B2': 0, 'B3': 0, 'C0': 1, 'C1': 1, 'C2': 1, 'C3': 0, 'D0': 0, 'D1': 0, 'D2': 0, 'D3': 0}, {'A0': 0, 'A1': 0, 'A2': 1, 'A3': 2, 'B0': 0, 'B1': 0, 'B2': 0, 'B3': 0, 'C0': 1, 'C1': 1, 'C2': 1, 'C3': 0, 'D0': 0, 'D1': 0, 'D2': 0, 'D3': 0}, 
3030.0, {'A0': 0, 'A1': 0, 'A2': 0, 'A3': 0, 'B0': -8.0, 'B1': 0, 'B2': 0, 'B3': 0, 'C0': -11.0, 'C1': -1.0, 'C2': 0, 'C3': -22.0, 'D0': 0, 'D1': 0, 'D2': 0, 'D3': 0}, {'A0': 0, 'A1': 0, 'A2': 0, 'A3': 0, 'B0': 1, 'B1': 0, 'B2': 0, 'B3': 0, 'C0': 2, 'C1': 1, 'C2': 0, 'C3': 4, 'D0': 0, 'D1': 0, 'D2': 0, 'D3': 0}, {'A0': 0, 'A1': 0, 'A2': 0, 'A3': 0, 'B0': 1, 'B1': 0, 'B2': 0, 'B3': 0, 'C0': 3, 'C1': 1, 'C2': 0, 'C3': 5, 'D0': 0, 'D1': 0, 'D2': 0, 'D3': 0}, 
3040.0, {'A0': 0, 'A1': 0, 'A2': 0, 'A3': -13.0, 'B0': 0, 'B1': 0, 'B2': 0, 'B3': 0, 'C0': -27.0, 'C1': -1.0, 'C2': 0, 'C3': -29.0, 'D0': 0, 'D1': 0, 'D2': -2.0, 'D3': 0}, {'A0': 0, 'A1': 0, 'A2': 0, 'A3': 1, 'B0': 0, 'B1': 0, 'B2': 0, 'B3': 0, 'C0': 2, 'C1': 1, 'C2': 0, 'C3': 1, 'D0': 0, 'D1': 0, 'D2': 1, 'D3': 0}, {'A0': 0, 'A1': 0, 'A2': 0, 'A3': 1, 'B0': 0, 'B1': 0, 'B2': 0, 'B3': 0, 'C0': 2, 'C1': 1, 'C2': 0, 'C3': 2, 'D0': 0, 'D1': 0, 'D2': 1, 'D3': 0}, 
3050.0, {'A0': 0, 'A1': 0, 'A2': 0, 'A3': 0, 'B0': 0, 'B1': -4.0, 'B2': 0, 'B3': 0, 'C0': 0, 'C1': 0, 'C2': -2.0, 'C3': -28.0, 'D0': -3.0, 'D1': 0, 'D2': 0, 'D3': 0}, {'A0': 0, 'A1': 0, 'A2': 0, 'A3': 0, 'B0': 0, 'B1': 1, 'B2': 0, 'B3': 0, 'C0': 0, 'C1': 0, 'C2': 1, 'C3': 1, 'D0': 1, 'D1': 0, 'D2': 0, 'D3': 0}, {'A0': 0, 'A1': 0, 'A2': 0, 'A3': 0, 'B0': 0, 'B1': 1, 'B2': 0, 'B3': 0, 'C0': 0, 'C1': 0, 'C2': 1, 'C3': 1, 'D0': 1, 'D1': 0, 'D2': 0, 'D3': 0}, 
3060.0, {'A0': -4.0, 'A1': -5.0, 'A2': 0, 'A3': 0, 'B0': -10.0, 'B1': 0, 'B2': -10.0, 'B3': -10.0, 'C0': 0, 'C1': 0, 'C2': 0, 'C3': -38.0, 'D0': 0, 'D1': -1.0, 'D2': -8.0, 'D3': 0}, {'A0': 1, 'A1': 1, 'A2': 0, 'A3': 0, 'B0': 1, 'B1': 0, 'B2': 1, 'B3': 1, 'C0': 0, 'C1': 0, 'C2': 0, 'C3': 1, 'D0': 0, 'D1': 1, 'D2': 1, 'D3': 0}, {'A0': 1, 'A1': 1, 'A2': 0, 'A3': 0, 'B0': 1, 'B1': 0, 'B2': 1, 'B3': 2, 'C0': 0, 'C1': 0, 'C2': 0, 'C3': 1, 'D0': 0, 'D1': 1, 'D2': 1, 'D3': 0}, 
3070.0, {'A0': -12.0, 'A1': -1.0, 'A2': 0, 'A3': 0, 'B0': -6.0, 'B1': 0, 'B2': 0, 'B3': -6.0, 'C0': 0, 'C1': 0, 'C2': 0, 'C3': 0, 'D0': 0, 'D1': 0, 'D2': 0, 'D3': -8.0}, {'A0': 2, 'A1': 1, 'A2': 0, 'A3': 0, 'B0': 1, 'B1': 0, 'B2': 0, 'B3': 1, 'C0': 0, 'C1': 0, 'C2': 0, 'C3': 0, 'D0': 0, 'D1': 0, 'D2': 0, 'D3': 1}, {'A0': 2, 'A1': 1, 'A2': 0, 'A3': 0, 'B0': 1, 'B1': 0, 'B2': 0, 'B3': 1, 'C0': 0, 'C1': 0, 'C2': 0, 'C3': 0, 'D0': 0, 'D1': 0, 'D2': 0, 'D3': 2}, 
3080.0, {'A0': -4.0, 'A1': 0, 'A2': 0, 'A3': 0, 'B0': -5.0, 'B1': -7.0, 'B2': 0, 'B3': 0, 'C0': 0, 'C1': 0, 'C2': 0, 'C3': 0, 'D0': 0, 'D1': 0, 'D2': 0, 'D3': -5.0}, {'A0': 1, 'A1': 0, 'A2': 0, 'A3': 0, 'B0': 2, 'B1': 1, 'B2': 0, 'B3': 0, 'C0': 0, 'C1': 0, 'C2': 0, 'C3': 0, 'D0': 0, 'D1': 0, 'D2': 0, 'D3': 1}, {'A0': 1, 'A1': 0, 'A2': 0, 'A3': 0, 'B0': 2, 'B1': 1, 'B2': 0, 'B3': 0, 'C0': 0, 'C1': 0, 'C2': 0, 'C3': 0, 'D0': 0, 'D1': 0, 'D2': 0, 'D3': 2}, 
3090.0, {'A0': -1.0, 'A1': 0, 'A2': 0, 'A3': 0, 'B0': 0, 'B1': 0, 'B2': 0, 'B3': -4.0, 'C0': 0, 'C1': -5.0, 'C2': 0, 'C3': -2.0, 'D0': 0, 'D1': 0, 'D2': -10.0, 'D3': 0}, {'A0': 1, 'A1': 0, 'A2': 0, 'A3': 0, 'B0': 0, 'B1': 0, 'B2': 0, 'B3': 1, 'C0': 0, 'C1': 1, 'C2': 0, 'C3': 1, 'D0': 0, 'D1': 0, 'D2': 1, 'D3': 0}, {'A0': 1, 'A1': 0, 'A2': 0, 'A3': 0, 'B0': 0, 'B1': 0, 'B2': 0, 'B3': 1, 'C0': 0, 'C1': 1, 'C2': 0, 'C3': 1, 'D0': 0, 'D1': 0, 'D2': 1, 'D3': 0}, 
3100.0, {'A0': -5.0, 'A1': 0, 'A2': 0, 'A3': -11.0, 'B0': -10.0, 'B1': 0, 'B2': 0, 'B3': -2.0, 'C0': 0, 'C1': 0, 'C2': 0, 'C3': 0, 'D0': 0, 'D1': 0, 'D2': -4.0, 'D3': 0}, {'A0': 1, 'A1': 0, 'A2': 0, 'A3': 1, 'B0': 2, 'B1': 0, 'B2': 0, 'B3': 1, 'C0': 0, 'C1': 0, 'C2': 0, 'C3': 0, 'D0': 0, 'D1': 0, 'D2': 1, 'D3': 0}, {'A0': 1, 'A1': 0, 'A2': 0, 'A3': 2, 'B0': 2, 'B1': 0, 'B2': 0, 'B3': 1, 'C0': 0, 'C1': 0, 'C2': 0, 'C3': 0, 'D0': 0, 'D1': 0, 'D2': 1, 'D3': 0}, 
3110.0, {'A0': 0, 'A1': -6.0, 'A2': 0, 'A3': -20.0, 'B0': 0, 'B1': 0, 'B2': 0, 'B3': 0, 'C0': -8.0, 'C1': 0, 'C2': 0, 'C3': -4.0, 'D0': -4.0, 'D1': 0, 'D2': 0, 'D3': 0}, {'A0': 0, 'A1': 1, 'A2': 0, 'A3': 1, 'B0': 0, 'B1': 0, 'B2': 0, 'B3': 0, 'C0': 1, 'C1': 0, 'C2': 0, 'C3': 1, 'D0': 1, 'D1': 0, 'D2': 0, 'D3': 0}, {'A0': 0, 'A1': 1, 'A2': 0, 'A3': 1, 'B0': 0, 'B1': 0, 'B2': 0, 'B3': 0, 'C0': 1, 'C1': 0, 'C2': 0, 'C3': 1, 'D0': 1, 'D1': 0, 'D2': 0, 'D3': 0}, 
3120.0, {'A0': -9.0, 'A1': -9.0, 'A2': 0, 'A3': -5.0, 'B0': 0, 'B1': -4.0, 'B2': 0, 'B3': 0, 'C0': 0, 'C1': 0, 'C2': 0, 'C3': 0, 'D0': -16.0, 'D1': 0, 'D2': 0, 'D3': 0}, {'A0': 1, 'A1': 1, 'A2': 0, 'A3': 2, 'B0': 0, 'B1': 1, 'B2': 0, 'B3': 0, 'C0': 0, 'C1': 0, 'C2': 0, 'C3': 0, 'D0': 1, 'D1': 0, 'D2': 0, 'D3': 0}, {'A0': 1, 'A1': 1, 'A2': 0, 'A3': 2, 'B0': 0, 'B1': 1, 'B2': 0, 'B3': 0, 'C0': 0, 'C1': 0, 'C2': 0, 'C3': 0, 'D0': 2, 'D1': 0, 'D2': 0, 'D3': 0}, 
3130.0, {'A0': 0, 'A1': 0, 'A2': 0, 'A3': -10.0, 'B0': -10.0, 'B1': 0, 'B2': 0, 'B3': 0, 'C0': 0, 'C1': 0, 'C2': 0, 'C3': 0, 'D0': -20.0, 'D1': -4.0, 'D2': 0, 'D3': -1.0}, {'A0': 0, 'A1': 0, 'A2': 0, 'A3': 1, 'B0': 1, 'B1': 0, 'B2': 0, 'B3': 0, 'C0': 0, 'C1': 0, 'C2': 0, 'C3': 0, 'D0': 1, 'D1': 1, 'D2': 0, 'D3': 1}, {'A0': 0, 'A1': 0, 'A2': 0, 'A3': 1, 'B0': 1, 'B1': 0, 'B2': 0, 'B3': 0, 'C0': 0, 'C1': 0, 'C2': 0, 'C3': 0, 'D0': 1, 'D1': 1, 'D2': 0, 'D3': 1}, 
3140.0, {'A0': 0, 'A1': 0, 'A2': 0, 'A3': 0, 'B0': -3.0, 'B1': 0, 'B2': 0, 'B3': 0, 'C0': 0, 'C1': 0, 'C2': 0, 'C3': -10.0, 'D0': -5.0, 'D1': -11.0, 'D2': 0, 'D3': 0}, {'A0': 0, 'A1': 0, 'A2': 0, 'A3': 0, 'B0': 1, 'B1': 0, 'B2': 0, 'B3': 0, 'C0': 0, 'C1': 0, 'C2': 0, 'C3': 1, 'D0': 1, 'D1': 2, 'D2': 0, 'D3': 0}, {'A0': 0, 'A1': 0, 'A2': 0, 'A3': 0, 'B0': 1, 'B1': 0, 'B2': 0, 'B3': 0, 'C0': 0, 'C1': 0, 'C2': 0, 'C3': 1, 'D0': 1, 'D1': 2, 'D2': 0, 'D3': 0}, 
3150.0, {'A0': 0, 'A1': 0, 'A2': -15.0, 'A3': -8.0, 'B0': 0, 'B1': -8.0, 'B2': 0, 'B3': -9.0, 'C0': 0, 'C1': -1.0, 'C2': 0, 'C3': -2.0, 'D0': 0, 'D1': 0, 'D2': 0, 'D3': 0}, {'A0': 0, 'A1': 0, 'A2': 1, 'A3': 1, 'B0': 0, 'B1': 1, 'B2': 0, 'B3': 1, 'C0': 0, 'C1': 1, 'C2': 0, 'C3': 1, 'D0': 0, 'D1': 0, 'D2': 0, 'D3': 0}, {'A0': 0, 'A1': 0, 'A2': 2, 'A3': 1, 'B0': 0, 'B1': 1, 'B2': 0, 'B3': 1, 'C0': 0, 'C1': 1, 'C2': 0, 'C3': 1, 'D0': 0, 'D1': 0, 'D2': 0, 'D3': 0}, 
3160.0, {'A0': 0, 'A1': -3.0, 'A2': -17.0, 'A3': 0, 'B0': -4.0, 'B1': -18.0, 'B2': 0, 'B3': -16.0, 'C0': 0, 'C1': 0, 'C2': 0, 'C3': 0, 'D0': 0, 'D1': 0, 'D2': 0, 'D3': 0}, {'A0': 0, 'A1': 1, 'A2': 1, 'A3': 0, 'B0': 1, 'B1': 1, 'B2': 0, 'B3': 1, 'C0': 0, 'C1': 0, 'C2': 0, 'C3': 0, 'D0': 0, 'D1': 0, 'D2': 0, 'D3': 0}, {'A0': 0, 'A1': 1, 'A2': 1, 'A3': 0, 'B0': 1, 'B1': 1, 'B2': 0, 'B3': 1, 'C0': 0, 'C1': 0, 'C2': 0, 'C3': 0, 'D0': 0, 'D1': 0, 'D2': 0, 'D3': 0}, 
3170.0, {'A0': 0, 'A1': -20.0, 'A2': -10.0, 'A3': -2.0, 'B0': 0, 'B1': 0, 'B2': 0, 'B3': 0, 'C0': -13.0, 'C1': 0, 'C2': 0, 'C3': -7.0, 'D0': 0, 'D1': 0, 'D2': 0, 'D3': -1.0}, {'A0': 0, 'A1': 1, 'A2': 1, 'A3': 1, 'B0': 0, 'B1': 0, 'B2': 0, 'B3': 0, 'C0': 1, 'C1': 0, 'C2': 0, 'C3': 1, 'D0': 0, 'D1': 0, 'D2': 0, 'D3': 1}, {'A0': 0, 'A1': 2, 'A2': 1, 'A3': 1, 'B0': 0, 'B1': 0, 'B2': 0, 'B3': 0, 'C0': 2, 'C1': 0, 'C2': 0, 'C3': 2, 'D0': 0, 'D1': 0, 'D2': 0, 'D3': 1}, 
3180.0, {'A0': -8.0, 'A1': -17.0, 'A2': -20.0, 'A3': -2.0, 'B0': -3.0, 'B1': 0, 'B2': 0, 'B3': -2.0, 'C0': 0, 'C1': 0, 'C2': 0, 'C3': -11.0, 'D0': -7.0, 'D1': 0, 'D2': 0, 'D3': 0}, {'A0': 1, 'A1': 1, 'A2': 1, 'A3': 1, 'B0': 1, 'B1': 0, 'B2': 0, 'B3': 1, 'C0': 0, 'C1': 0, 'C2': 0, 'C3': 1, 'D0': 1, 'D1': 0, 'D2': 0, 'D3': 0}, {'A0': 1, 'A1': 1, 'A2': 1, 'A3': 1, 'B0': 1, 'B1': 0, 'B2': 0, 'B3': 1, 'C0': 0, 'C1': 0, 'C2': 0, 'C3': 1, 'D0': 1, 'D1': 0, 'D2': 0, 'D3': 0}, 
3190.0, {'A0': -5.0, 'A1': 0, 'A2': 0, 'A3': -12.0, 'B0': -13.0, 'B1': 0, 'B2': -8.0, 'B3': -7.0, 'C0': 0, 'C1': 0, 'C2': 0, 'C3': 0, 'D0': 0, 'D1': -9.0, 'D2': -9.0, 'D3': 0}, {'A0': 1, 'A1': 0, 'A2': 0, 'A3': 1, 'B0': 1, 'B1': 0, 'B2': 1, 'B3': 1, 'C0': 0, 'C1': 0, 'C2': 0, 'C3': 0, 'D0': 0, 'D1': 1, 'D2': 1, 'D3': 0}, {'A0': 1, 'A1': 0, 'A2': 0, 'A3': 1, 'B0': 1, 'B1': 0, 'B2': 1, 'B3': 2, 'C0': 0, 'C1': 0, 'C2': 0, 'C3': 0, 'D0': 0, 'D1': 1, 'D2': 1, 'D3': 0}, 
3200.0, {'A0': 0, 'A1': 0, 'A2': -9.0, 'A3': 0, 'B0': 0, 'B1': 0, 'B2': 0, 'B3': 0, 'C0': 0, 'C1': -8.0, 'C2': 0, 'C3': 0, 'D0': 0, 'D1': -1.0, 'D2': 0, 'D3': 0}, {'A0': 0, 'A1': 0, 'A2': 1, 'A3': 0, 'B0': 0, 'B1': 0, 'B2': 0, 'B3': 0, 'C0': 0, 'C1': 1, 'C2': 0, 'C3': 0, 'D0': 0, 'D1': 1, 'D2': 0, 'D3': 0}, {'A0': 0, 'A1': 0, 'A2': 1, 'A3': 0, 'B0': 0, 'B1': 0, 'B2': 0, 'B3': 0, 'C0': 0, 'C1': 1, 'C2': 0, 'C3': 0, 'D0': 0, 'D1': 1, 'D2': 0, 'D3': 0}, 
3210.0, {'A0': 0, 'A1': 0, 'A2': 0, 'A3': 0, 'B0': -8.0, 'B1': -7.0, 'B2': 0, 'B3': -5.0, 'C0': -8.0, 'C1': 0, 'C2': 0, 'C3': -2.0, 'D0': 0, 'D1': 0, 'D2': -4.0, 'D3': -6.0}, {'A0': 0, 'A1': 0, 'A2': 0, 'A3': 0, 'B0': 1, 'B1': 1, 'B2': 0, 'B3': 1, 'C0': 1, 'C1': 0, 'C2': 0, 'C3': 1, 'D0': 0, 'D1': 0, 'D2': 1, 'D3': 1}, {'A0': 0, 'A1': 0, 'A2': 0, 'A3': 0, 'B0': 1, 'B1': 1, 'B2': 0, 'B3': 1, 'C0': 1, 'C1': 0, 'C2': 0, 'C3': 1, 'D0': 0, 'D1': 0, 'D2': 1, 'D3': 1}, 
3220.0, {'A0': -3.0, 'A1': 0, 'A2': 0, 'A3': 0, 'B0': 0, 'B1': 0, 'B2': 0, 'B3': -3.0, 'C0': -25.0, 'C1': 0, 'C2': -1.0, 'C3': 0, 'D0': 0, 'D1': 0, 'D2': 0, 'D3': 0}, {'A0': 1, 'A1': 0, 'A2': 0, 'A3': 0, 'B0': 0, 'B1': 0, 'B2': 0, 'B3': 1, 'C0': 2, 'C1': 0, 'C2': 1, 'C3': 0, 'D0': 0, 'D1': 0, 'D2': 0, 'D3': 0}, {'A0': 1, 'A1': 0, 'A2': 0, 'A3': 0, 'B0': 0, 'B1': 0, 'B2': 0, 'B3': 1, 'C0': 2, 'C1': 0, 'C2': 1, 'C3': 0, 'D0': 0, 'D1': 0, 'D2': 0, 'D3': 0}, 
3230.0, {'A0': -6.0, 'A1': 0, 'A2': 0, 'A3': 0, 'B0': 0, 'B1': 0, 'B2': 0, 'B3': -9.0, 'C0': 0, 'C1': 0, 'C2': -22.0, 'C3': -7.0, 'D0': -2.0, 'D1': 0, 'D2': 0, 'D3': 0}, {'A0': 1, 'A1': 0, 'A2': 0, 'A3': 0, 'B0': 0, 'B1': 0, 'B2': 0, 'B3': 1, 'C0': 0, 'C1': 0, 'C2': 2, 'C3': 1, 'D0': 1, 'D1': 0, 'D2': 0, 'D3': 0}, {'A0': 1, 'A1': 0, 'A2': 0, 'A3': 0, 'B0': 0, 'B1': 0, 'B2': 0, 'B3': 1, 'C0': 0, 'C1': 0, 'C2': 3, 'C3': 1, 'D0': 1, 'D1': 0, 'D2': 0, 'D3': 0}, 
3240.0, {'A0': 0, 'A1': 0, 'A2': 0, 'A3': 0, 'B0': 0, 'B1': 0, 'B2': 0, 'B3': -19.0, 'C0': -2.0, 'C1': -4.0, 'C2': 0, 'C3': -13.0, 'D0': 0, 'D1': 0, 'D2': 0, 'D3': 0}, {'A0': 0, 'A1': 0, 'A2': 0, 'A3': 0, 'B0': 0, 'B1': 0, 'B2': 0, 'B3': 1, 'C0': 1, 'C1': 1, 'C2': 0, 'C3': 1, 'D0': 0, 'D1': 0, 'D2': 0, 'D3': 0}, {'A0': 0, 'A1': 0, 'A2': 0, 'A3': 0, 'B0': 0, 'B1': 0, 'B2': 0, 'B3': 1, 'C0': 1, 'C1': 1, 'C2': 0, 'C3': 2, 'D0': 0, 'D1': 0, 'D2': 0, 'D3': 0}, 
3250.0, {'A0': 0, 'A1': 0, 'A2': 0, 'A3': -5.0, 'B0': 0, 'B1': 0, 'B2': 0, 'B3': -29.0, 'C0': 0, 'C1': -2.0, 'C2': 0, 'C3': 0, 'D0': -1.0, 'D1': 0, 'D2': 0, 'D3': -21.0}, {'A0': 0, 'A1': 0, 'A2': 0, 'A3': 1, 'B0': 0, 'B1': 0, 'B2': 0, 'B3': 1, 'C0': 0, 'C1': 1, 'C2': 0, 'C3': 0, 'D0': 1, 'D1': 0, 'D2': 0, 'D3': 3}, {'A0': 0, 'A1': 0, 'A2': 0, 'A3': 1, 'B0': 0, 'B1': 0, 'B2': 0, 'B3': 1, 'C0': 0, 'C1': 1, 'C2': 0, 'C3': 0, 'D0': 1, 'D1': 0, 'D2': 0, 'D3': 3}, 
3260.0, {'A0': 0, 'A1': 0, 'A2': 0, 'A3': 0, 'B0': -9.0, 'B1': 0, 'B2': -10.0, 'B3': 0, 'C0': -10.0, 'C1': 0, 'C2': -3.0, 'C3': 0, 'D0': 0, 'D1': 0, 'D2': 0, 'D3': 0}, {'A0': 0, 'A1': 0, 'A2': 0, 'A3': 0, 'B0': 2, 'B1': 0, 'B2': 1, 'B3': 0, 'C0': 1, 'C1': 0, 'C2': 1, 'C3': 0, 'D0': 0, 'D1': 0, 'D2': 0, 'D3': 0}, {'A0': 0, 'A1': 0, 'A2': 0, 'A3': 0, 'B0': 2, 'B1': 0, 'B2': 1, 'B3': 0, 'C0': 1, 'C1': 0, 'C2': 1, 'C3': 0, 'D0': 0, 'D1': 0, 'D2': 0, 'D3': 0}, 
3270.0, {'A0': 0, 'A1': 0, 'A2': 0, 'A3': 0, 'B0': 0, 'B1': 0, 'B2': -7.0, 'B3': 0, 'C0': -27.0, 'C1': 0, 'C2': 0, 'C3': -8.0, 'D0': -2.0, 'D1': 0, 'D2': -15.0, 'D3': -10.0}, {'A0': 0, 'A1': 0, 'A2': 0, 'A3': 0, 'B0': 0, 'B1': 0, 'B2': 1, 'B3': 0, 'C0': 1, 'C1': 0, 'C2': 0, 'C3': 1, 'D0': 1, 'D1': 0, 'D2': 2, 'D3': 1}, {'A0': 0, 'A1': 0, 'A2': 0, 'A3': 0, 'B0': 0, 'B1': 0, 'B2': 1, 'B3': 0, 'C0': 2, 'C1': 0, 'C2': 0, 'C3': 1, 'D0': 1, 'D1': 0, 'D2': 2, 'D3': 1}, 
3280.0, {'A0': 0, 'A1': 0, 'A2': -6.0, 'A3': -3.0, 'B0': 0, 'B1': -4.0, 'B2': 0, 'B3': 0, 'C0': -18.0, 'C1': 0, 'C2': 0, 'C3': -1.0, 'D0': 0, 'D1': -16.0, 'D2': 0, 'D3': -3.0}, {'A0': 0, 'A1': 0, 'A2': 1, 'A3': 1, 'B0': 0, 'B1': 1, 'B2': 0, 'B3': 0, 'C0': 1, 'C1': 0, 'C2': 0, 'C3': 1, 'D0': 0, 'D1': 1, 'D2': 0, 'D3': 1}, {'A0': 0, 'A1': 0, 'A2': 1, 'A3': 1, 'B0': 0, 'B1': 1, 'B2': 0, 'B3': 0, 'C0': 2, 'C1': 0, 'C2': 0, 'C3': 1, 'D0': 0, 'D1': 2, 'D2': 0, 'D3': 1}, 
3290.0, {'A0': 0, 'A1': 0, 'A2': 0, 'A3': 0, 'B0': -2.0, 'B1': 0, 'B2': 0, 'B3': 0, 'C0': -5.0, 'C1': 0, 'C2': 0, 'C3': -5.0, 'D0': 0, 'D1': -14.0, 'D2': 0, 'D3': 0}, {'A0': 0, 'A1': 0, 'A2': 0, 'A3': 0, 'B0': 1, 'B1': 0, 'B2': 0, 'B3': 0, 'C0': 1, 'C1': 0, 'C2': 0, 'C3': 1, 'D0': 0, 'D1': 1, 'D2': 0, 'D3': 0}, {'A0': 0, 'A1': 0, 'A2': 0, 'A3': 0, 'B0': 1, 'B1': 0, 'B2': 0, 'B3': 0, 'C0': 1, 'C1': 0, 'C2': 0, 'C3': 1, 'D0': 0, 'D1': 2, 'D2': 0, 'D3': 0}, 
3300.0, {'A0': 0, 'A1': -6.0, 'A2': 0, 'A3': -3.0, 'B0': 0, 'B1': 0, 'B2': 0, 'B3': 0, 'C0': -10.0, 'C1': 0, 'C2': -9.0, 'C3': 0, 'D0': 0, 'D1': -18.0, 'D2': 0, 'D3': 0}, {'A0': 0, 'A1': 2, 'A2': 0, 'A3': 1, 'B0': 0, 'B1': 0, 'B2': 0, 'B3': 0, 'C0': 1, 'C1': 0, 'C2': 1, 'C3': 0, 'D0': 0, 'D1': 1, 'D2': 0, 'D3': 0}, {'A0': 0, 'A1': 2, 'A2': 0, 'A3': 1, 'B0': 0, 'B1': 0, 'B2': 0, 'B3': 0, 'C0': 1, 'C1': 0, 'C2': 1, 'C3': 0, 'D0': 0, 'D1': 1, 'D2': 0, 'D3': 0}, 
3310.0, {'A0': 0, 'A1': 0, 'A2': 0, 'A3': 0, 'B0': -3.0, 'B1': 0, 'B2': 0, 'B3': -10.0, 'C0': 0, 'C1': 0, 'C2': 0, 'C3': 0, 'D0': 0, 'D1': 0, 'D2': 0, 'D3': -2.0}, {'A0': 0, 'A1': 0, 'A2': 0, 'A3': 0, 'B0': 2, 'B1': 0, 'B2': 0, 'B3': 1, 'C0': 0, 'C1': 0, 'C2': 0, 'C3': 0, 'D0': 0, 'D1': 0, 'D2': 0, 'D3': 1}, {'A0': 0, 'A1': 0, 'A2': 0, 'A3': 0, 'B0': 2, 'B1': 0, 'B2': 0, 'B3': 1, 'C0': 0, 'C1': 0, 'C2': 0, 'C3': 0, 'D0': 0, 'D1': 0, 'D2': 0, 'D3': 1}, 
3320.0, {'A0': 0, 'A1': -4.0, 'A2': 0, 'A3': 0, 'B0': 0, 'B1': 0, 'B2': 0, 'B3': 0, 'C0': 0, 'C1': 0, 'C2': 0, 'C3': -4.0, 'D0': 0, 'D1': 0, 'D2': -3.0, 'D3': 0}, {'A0': 0, 'A1': 1, 'A2': 0, 'A3': 0, 'B0': 0, 'B1': 0, 'B2': 0, 'B3': 0, 'C0': 0, 'C1': 0, 'C2': 0, 'C3': 1, 'D0': 0, 'D1': 0, 'D2': 1, 'D3': 0}, {'A0': 0, 'A1': 1, 'A2': 0, 'A3': 0, 'B0': 0, 'B1': 0, 'B2': 0, 'B3': 0, 'C0': 0, 'C1': 0, 'C2': 0, 'C3': 1, 'D0': 0, 'D1': 0, 'D2': 1, 'D3': 0}, 
3330.0, {'A0': 0, 'A1': 0, 'A2': 0, 'A3': -8.0, 'B0': -1.0, 'B1': 0, 'B2': 0, 'B3': 0, 'C0': 0, 'C1': 0, 'C2': 0, 'C3': 0, 'D0': 0, 'D1': 0, 'D2': -6.0, 'D3': -6.0}, {'A0': 0, 'A1': 0, 'A2': 0, 'A3': 1, 'B0': 1, 'B1': 0, 'B2': 0, 'B3': 0, 'C0': 0, 'C1': 0, 'C2': 0, 'C3': 0, 'D0': 0, 'D1': 0, 'D2': 1, 'D3': 1}, {'A0': 0, 'A1': 0, 'A2': 0, 'A3': 1, 'B0': 1, 'B1': 0, 'B2': 0, 'B3': 0, 'C0': 0, 'C1': 0, 'C2': 0, 'C3': 0, 'D0': 0, 'D1': 0, 'D2': 1, 'D3': 1}, 
3340.0, {'A0': -5.0, 'A1': -9.0, 'A2': 0, 'A3': 0, 'B0': 0, 'B1': -6.0, 'B2': 0, 'B3': 0, 'C0': 0, 'C1': -8.0, 'C2': -10.0, 'C3': 0, 'D0': 0, 'D1': -4.0, 'D2': 0, 'D3': -7.0}, {'A0': 1, 'A1': 1, 'A2': 0, 'A3': 0, 'B0': 0, 'B1': 1, 'B2': 0, 'B3': 0, 'C0': 0, 'C1': 1, 'C2': 1, 'C3': 0, 'D0': 0, 'D1': 1, 'D2': 0, 'D3': 1}, {'A0': 1, 'A1': 1, 'A2': 0, 'A3': 0, 'B0': 0, 'B1': 1, 'B2': 0, 'B3': 0, 'C0': 0, 'C1': 1, 'C2': 1, 'C3': 0, 'D0': 0, 'D1': 1, 'D2': 0, 'D3': 1}, 
3350.0, {'A0': -5.0, 'A1': 0, 'A2': 0, 'A3': -10.0, 'B0': 0, 'B1': -2.0, 'B2': 0, 'B3': 0, 'C0': 0, 'C1': -4.0, 'C2': -6.0, 'C3': -7.0, 'D0': 0, 'D1': 0, 'D2': 0, 'D3': 0}, {'A0': 1, 'A1': 0, 'A2': 0, 'A3': 1, 'B0': 0, 'B1': 1, 'B2': 0, 'B3': 0, 'C0': 0, 'C1': 1, 'C2': 1, 'C3': 1, 'D0': 0, 'D1': 0, 'D2': 0, 'D3': 0}, {'A0': 1, 'A1': 0, 'A2': 0, 'A3': 1, 'B0': 0, 'B1': 1, 'B2': 0, 'B3': 0, 'C0': 0, 'C1': 1, 'C2': 1, 'C3': 1, 'D0': 0, 'D1': 0, 'D2': 0, 'D3': 0}, 
3360.0, {'A0': 0, 'A1': -9.0, 'A2': 0, 'A3': 0, 'B0': 0, 'B1': 0, 'B2': 0, 'B3': 0, 'C0': 0, 'C1': 0, 'C2': 0, 'C3': 0, 'D0': 0, 'D1': 0, 'D2': 0, 'D3': 0}, {'A0': 0, 'A1': 1, 'A2': 0, 'A3': 0, 'B0': 0, 'B1': 0, 'B2': 0, 'B3': 0, 'C0': 0, 'C1': 0, 'C2': 0, 'C3': 0, 'D0': 0, 'D1': 0, 'D2': 0, 'D3': 0}, {'A0': 0, 'A1': 1, 'A2': 0, 'A3': 0, 'B0': 0, 'B1': 0, 'B2': 0, 'B3': 0, 'C0': 0, 'C1': 0, 'C2': 0, 'C3': 0, 'D0': 0, 'D1': 0, 'D2': 0, 'D3': 0}, 
3370.0, {'A0': -9.0, 'A1': 0, 'A2': 0, 'A3': -5.0, 'B0': 0, 'B1': 0, 'B2': 0, 'B3': 0, 'C0': 0, 'C1': 0, 'C2': 0, 'C3': 0, 'D0': 0, 'D1': -10.0, 'D2': 0, 'D3': 0}, {'A0': 1, 'A1': 0, 'A2': 0, 'A3': 1, 'B0': 0, 'B1': 0, 'B2': 0, 'B3': 0, 'C0': 0, 'C1': 0, 'C2': 0, 'C3': 0, 'D0': 0, 'D1': 1, 'D2': 0, 'D3': 0}, {'A0': 1, 'A1': 0, 'A2': 0, 'A3': 1, 'B0': 0, 'B1': 0, 'B2': 0, 'B3': 0, 'C0': 0, 'C1': 0, 'C2': 0, 'C3': 0, 'D0': 0, 'D1': 1, 'D2': 0, 'D3': 0}, 
3380.0, {'A0': 0, 'A1': 0, 'A2': -9.0, 'A3': 0, 'B0': -9.0, 'B1': 0, 'B2': 0, 'B3': 0, 'C0': 0, 'C1': 0, 'C2': 0, 'C3': 0, 'D0': 0, 'D1': -9.0, 'D2': -3.0, 'D3': 0}, {'A0': 0, 'A1': 0, 'A2': 1, 'A3': 0, 'B0': 1, 'B1': 0, 'B2': 0, 'B3': 0, 'C0': 0, 'C1': 0, 'C2': 0, 'C3': 0, 'D0': 0, 'D1': 1, 'D2': 1, 'D3': 0}, {'A0': 0, 'A1': 0, 'A2': 1, 'A3': 0, 'B0': 1, 'B1': 0, 'B2': 0, 'B3': 0, 'C0': 0, 'C1': 0, 'C2': 0, 'C3': 0, 'D0': 0, 'D1': 1, 'D2': 1, 'D3': 0}, 
3390.0, {'A0': -5.0, 'A1': 0, 'A2': 0, 'A3': 0, 'B0': 0, 'B1': 0, 'B2': -1.0, 'B3': 0, 'C0': -8.0, 'C1': 0, 'C2': 0, 'C3': -7.0, 'D0': 0, 'D1': -4.0, 'D2': 0, 'D3': 0}, {'A0': 1, 'A1': 0, 'A2': 0, 'A3': 0, 'B0': 0, 'B1': 0, 'B2': 1, 'B3': 0, 'C0': 1, 'C1': 0, 'C2': 0, 'C3': 1, 'D0': 0, 'D1': 1, 'D2': 0, 'D3': 0}, {'A0': 1, 'A1': 0, 'A2': 0, 'A3': 0, 'B0': 0, 'B1': 0, 'B2': 1, 'B3': 0, 'C0': 1, 'C1': 0, 'C2': 0, 'C3': 1, 'D0': 0, 'D1': 1, 'D2': 0, 'D3': 0}, 
3400.0, {'A0': 0, 'A1': 0, 'A2': 0, 'A3': 0, 'B0': -1.0, 'B1': -7.0, 'B2': -9.0, 'B3': 0, 'C0': 0, 'C1': 0, 'C2': -5.0, 'C3': 0, 'D0': 0, 'D1': 0, 'D2': 0, 'D3': 0}, {'A0': 0, 'A1': 0, 'A2': 0, 'A3': 0, 'B0': 1, 'B1': 1, 'B2': 1, 'B3': 0, 'C0': 0, 'C1': 0, 'C2': 1, 'C3': 0, 'D0': 0, 'D1': 0, 'D2': 0, 'D3': 0}, {'A0': 0, 'A1': 0, 'A2': 0, 'A3': 0, 'B0': 1, 'B1': 1, 'B2': 1, 'B3': 0, 'C0': 0, 'C1': 0, 'C2': 1, 'C3': 0, 'D0': 0, 'D1': 0, 'D2': 0, 'D3': 0}, 
3410.0, {'A0': 0, 'A1': -14.0, 'A2': 0, 'A3': -5.0, 'B0': -8.0, 'B1': 0, 'B2': 0, 'B3': -10.0, 'C0': 0, 'C1': -10.0, 'C2': 0, 'C3': 0, 'D0': 0, 'D1': 0, 'D2': -2.0, 'D3': 0}, {'A0': 0, 'A1': 1, 'A2': 0, 'A3': 1, 'B0': 1, 'B1': 0, 'B2': 0, 'B3': 1, 'C0': 0, 'C1': 1, 'C2': 0, 'C3': 0, 'D0': 0, 'D1': 0, 'D2': 1, 'D3': 0}, {'A0': 0, 'A1': 1, 'A2': 0, 'A3': 1, 'B0': 1, 'B1': 0, 'B2': 0, 'B3': 1, 'C0': 0, 'C1': 1, 'C2': 0, 'C3': 0, 'D0': 0, 'D1': 0, 'D2': 1, 'D3': 0}, 
3420.0, {'A0': 0, 'A1': 0, 'A2': 0, 'A3': -15.0, 'B0': 0, 'B1': 0, 'B2': -7.0, 'B3': 0, 'C0': -7.0, 'C1': 0, 'C2': 0, 'C3': 0, 'D0': 0, 'D1': 0, 'D2': 0, 'D3': 0}, {'A0': 0, 'A1': 0, 'A2': 0, 'A3': 1, 'B0': 0, 'B1': 0, 'B2': 1, 'B3': 0, 'C0': 1, 'C1': 0, 'C2': 0, 'C3': 0, 'D0': 0, 'D1': 0, 'D2': 0, 'D3': 0}, {'A0': 0, 'A1': 0, 'A2': 0, 'A3': 1, 'B0': 0, 'B1': 0, 'B2': 1, 'B3': 0, 'C0': 1, 'C1': 0, 'C2': 0, 'C3': 0, 'D0': 0, 'D1': 0, 'D2': 0, 'D3': 0}, 
3430.0, {'A0': 0, 'A1': 0, 'A2': -9.0, 'A3': -7.0, 'B0': -8.0, 'B1': 0, 'B2': 0, 'B3': 0, 'C0': 0, 'C1': 0, 'C2': -10.0, 'C3': -1.0, 'D0': -6.0, 'D1': -2.0, 'D2': 0, 'D3': 0}, {'A0': 0, 'A1': 0, 'A2': 1, 'A3': 2, 'B0': 1, 'B1': 0, 'B2': 0, 'B3': 0, 'C0': 0, 'C1': 0, 'C2': 1, 'C3': 1, 'D0': 1, 'D1': 1, 'D2': 0, 'D3': 0}, {'A0': 0, 'A1': 0, 'A2': 1, 'A3': 2, 'B0': 1, 'B1': 0, 'B2': 0, 'B3': 0, 'C0': 0, 'C1': 0, 'C2': 1, 'C3': 1, 'D0': 1, 'D1': 1, 'D2': 0, 'D3': 0}, 
3440.0, {'A0': -11.0, 'A1': 0, 'A2': 0, 'A3': 0, 'B0': 0, 'B1': -6.0, 'B2': -6.0, 'B3': 0, 'C0': 0, 'C1': -6.0, 'C2': 0, 'C3': 0, 'D0': 0, 'D1': 0, 'D2': -7.0, 'D3': 0}, {'A0': 1, 'A1': 0, 'A2': 0, 'A3': 0, 'B0': 0, 'B1': 2, 'B2': 1, 'B3': 0, 'C0': 0, 'C1': 1, 'C2': 0, 'C3': 0, 'D0': 0, 'D1': 0, 'D2': 1, 'D3': 0}, {'A0': 2, 'A1': 0, 'A2': 0, 'A3': 0, 'B0': 0, 'B1': 2, 'B2': 1, 'B3': 0, 'C0': 0, 'C1': 1, 'C2': 0, 'C3': 0, 'D0': 0, 'D1': 0, 'D2': 1, 'D3': 0}, 
3450.0, {'A0': -2.0, 'A1': 0, 'A2': 0, 'A3': -11.0, 'B0': -1.0, 'B1': 0, 'B2': 0, 'B3': 0, 'C0': 0, 'C1': 0, 'C2': 0, 'C3': 0, 'D0': 0, 'D1': 0, 'D2': 0, 'D3': 0}, {'A0': 1, 'A1': 0, 'A2': 0, 'A3': 1, 'B0': 1, 'B1': 0, 'B2': 0, 'B3': 0, 'C0': 0, 'C1': 0, 'C2': 0, 'C3': 0, 'D0': 0, 'D1': 0, 'D2': 0, 'D3': 0}, {'A0': 1, 'A1': 0, 'A2': 0, 'A3': 2, 'B0': 1, 'B1': 0, 'B2': 0, 'B3': 0, 'C0': 0, 'C1': 0, 'C2': 0, 'C3': 0, 'D0': 0, 'D1': 0, 'D2': 0, 'D3': 0}, 
3460.0, {'A0': 0, 'A1': 0, 'A2': 0, 'A3': 0, 'B0': 0, 'B1': 0, 'B2': 0, 'B3': -3.0, 'C0': 0, 'C1': -3.0, 'C2': -7.0, 'C3': 0, 'D0': 0, 'D1': 0, 'D2': 0, 'D3': 0}, {'A0': 0, 'A1': 0, 'A2': 0, 'A3': 0, 'B0': 0, 'B1': 0, 'B2': 0, 'B3': 1, 'C0': 0, 'C1': 1, 'C2': 1, 'C3': 0, 'D0': 0, 'D1': 0, 'D2': 0, 'D3': 0}, {'A0': 0, 'A1': 0, 'A2': 0, 'A3': 0, 'B0': 0, 'B1': 0, 'B2': 0, 'B3': 1, 'C0': 0, 'C1': 1, 'C2': 1, 'C3': 0, 'D0': 0, 'D1': 0, 'D2': 0, 'D3': 0}, 
3470.0, {'A0': -9.0, 'A1': 0, 'A2': -1.0, 'A3': -6.0, 'B0': 0, 'B1': 0, 'B2': 0, 'B3': 0, 'C0': -9.0, 'C1': 0, 'C2': 0, 'C3': 0, 'D0': 0, 'D1': 0, 'D2': -9.0, 'D3': -10.0}, {'A0': 1, 'A1': 0, 'A2': 1, 'A3': 1, 'B0': 0, 'B1': 0, 'B2': 0, 'B3': 0, 'C0': 1, 'C1': 0, 'C2': 0, 'C3': 0, 'D0': 0, 'D1': 0, 'D2': 1, 'D3': 1}, {'A0': 1, 'A1': 0, 'A2': 1, 'A3': 1, 'B0': 0, 'B1': 0, 'B2': 0, 'B3': 0, 'C0': 1, 'C1': 0, 'C2': 0, 'C3': 0, 'D0': 0, 'D1': 0, 'D2': 1, 'D3': 1}, 
3480.0, {'A0': 0, 'A1': -6.0, 'A2': 0, 'A3': 0, 'B0': 0, 'B1': 0, 'B2': 0, 'B3': 0, 'C0': 0, 'C1': 0, 'C2': 0, 'C3': 0, 'D0': 0, 'D1': 0, 'D2': 0, 'D3': 0}, {'A0': 0, 'A1': 1, 'A2': 0, 'A3': 0, 'B0': 0, 'B1': 0, 'B2': 0, 'B3': 0, 'C0': 0, 'C1': 0, 'C2': 0, 'C3': 0, 'D0': 0, 'D1': 0, 'D2': 0, 'D3': 0}, {'A0': 0, 'A1': 1, 'A2': 0, 'A3': 0, 'B0': 0, 'B1': 0, 'B2': 0, 'B3': 0, 'C0': 0, 'C1': 0, 'C2': 0, 'C3': 0, 'D0': 0, 'D1': 0, 'D2': 0, 'D3': 0}, 
3490.0, {'A0': 0, 'A1': -2.0, 'A2': 0, 'A3': 0, 'B0': -8.0, 'B1': 0, 'B2': 0, 'B3': -5.0, 'C0': -3.0, 'C1': 0, 'C2': 0, 'C3': 0, 'D0': 0, 'D1': -19.0, 'D2': 0, 'D3': 0}, {'A0': 0, 'A1': 1, 'A2': 0, 'A3': 0, 'B0': 1, 'B1': 0, 'B2': 0, 'B3': 1, 'C0': 1, 'C1': 0, 'C2': 0, 'C3': 0, 'D0': 0, 'D1': 1, 'D2': 0, 'D3': 0}, {'A0': 0, 'A1': 1, 'A2': 0, 'A3': 0, 'B0': 1, 'B1': 0, 'B2': 0, 'B3': 1, 'C0': 1, 'C1': 0, 'C2': 0, 'C3': 0, 'D0': 0, 'D1': 1, 'D2': 0, 'D3': 0}, 
3500.0, {'A0': 0, 'A1': 0, 'A2': 0, 'A3': 0, 'B0': -20.0, 'B1': -9.0, 'B2': 0, 'B3': 0, 'C0': 0, 'C1': 0, 'C2': 0, 'C3': -3.0, 'D0': 0, 'D1': 0, 'D2': -5.0, 'D3': 0}, {'A0': 0, 'A1': 0, 'A2': 0, 'A3': 0, 'B0': 2, 'B1': 1, 'B2': 0, 'B3': 0, 'C0': 0, 'C1': 0, 'C2': 0, 'C3': 1, 'D0': 0, 'D1': 0, 'D2': 1, 'D3': 0}, {'A0': 0, 'A1': 0, 'A2': 0, 'A3': 0, 'B0': 2, 'B1': 1, 'B2': 0, 'B3': 0, 'C0': 0, 'C1': 0, 'C2': 0, 'C3': 1, 'D0': 0, 'D1': 0, 'D2': 1, 'D3': 0}, 
3510.0, {'A0': 0, 'A1': -5.0, 'A2': 0, 'A3': 0, 'B0': 0, 'B1': 0, 'B2': 0, 'B3': 0, 'C0': 0, 'C1': 0, 'C2': 0, 'C3': 0, 'D0': -10.0, 'D1': 0, 'D2': -12.0, 'D3': 0}, {'A0': 0, 'A1': 1, 'A2': 0, 'A3': 0, 'B0': 0, 'B1': 0, 'B2': 0, 'B3': 0, 'C0': 0, 'C1': 0, 'C2': 0, 'C3': 0, 'D0': 1, 'D1': 0, 'D2': 1, 'D3': 0}, {'A0': 0, 'A1': 1, 'A2': 0, 'A3': 0, 'B0': 0, 'B1': 0, 'B2': 0, 'B3': 0, 'C0': 0, 'C1': 0, 'C2': 0, 'C3': 0, 'D0': 1, 'D1': 0, 'D2': 1, 'D3': 0}, 
3520.0, {'A0': 0, 'A1': 0, 'A2': 0, 'A3': 0, 'B0': 0, 'B1': 0, 'B2': 0, 'B3': 0, 'C0': 0, 'C1': 0, 'C2': 0, 'C3': 0, 'D0': 0, 'D1': -7.0, 'D2': -8.0, 'D3': 0}, {'A0': 0, 'A1': 0, 'A2': 0, 'A3': 0, 'B0': 0, 'B1': 0, 'B2': 0, 'B3': 0, 'C0': 0, 'C1': 0, 'C2': 0, 'C3': 0, 'D0': 0, 'D1': 1, 'D2': 1, 'D3': 0}, {'A0': 0, 'A1': 0, 'A2': 0, 'A3': 0, 'B0': 0, 'B1': 0, 'B2': 0, 'B3': 0, 'C0': 0, 'C1': 0, 'C2': 0, 'C3': 0, 'D0': 0, 'D1': 1, 'D2': 1, 'D3': 0}, 
3530.0, {'A0': -6.0, 'A1': 0, 'A2': 0, 'A3': 0, 'B0': 0, 'B1': 0, 'B2': 0, 'B3': -6.0, 'C0': 0, 'C1': 0, 'C2': 0, 'C3': 0, 'D0': -10.0, 'D1': 0, 'D2': 0, 'D3': 0}, {'A0': 1, 'A1': 0, 'A2': 0, 'A3': 0, 'B0': 0, 'B1': 0, 'B2': 0, 'B3': 1, 'C0': 0, 'C1': 0, 'C2': 0, 'C3': 0, 'D0': 1, 'D1': 0, 'D2': 0, 'D3': 0}, {'A0': 1, 'A1': 0, 'A2': 0, 'A3': 0, 'B0': 0, 'B1': 0, 'B2': 0, 'B3': 1, 'C0': 0, 'C1': 0, 'C2': 0, 'C3': 0, 'D0': 2, 'D1': 0, 'D2': 0, 'D3': 0}, 
3540.0, {'A0': 0, 'A1': -8.0, 'A2': 0, 'A3': 0, 'B0': 0, 'B1': 0, 'B2': -13.0, 'B3': 0, 'C0': -18.0, 'C1': 0, 'C2': 0, 'C3': -4.0, 'D0': -17.0, 'D1': -12.0, 'D2': 0, 'D3': 0}, {'A0': 0, 'A1': 1, 'A2': 0, 'A3': 0, 'B0': 0, 'B1': 0, 'B2': 2, 'B3': 0, 'C0': 1, 'C1': 0, 'C2': 0, 'C3': 1, 'D0': 1, 'D1': 1, 'D2': 0, 'D3': 0}, {'A0': 0, 'A1': 1, 'A2': 0, 'A3': 0, 'B0': 0, 'B1': 0, 'B2': 2, 'B3': 0, 'C0': 2, 'C1': 0, 'C2': 0, 'C3': 1, 'D0': 1, 'D1': 1, 'D2': 0, 'D3': 0}, 
3550.0, {'A0': 0, 'A1': 0, 'A2': -7.0, 'A3': -10.0, 'B0': 0, 'B1': 0, 'B2': 0, 'B3': 0, 'C0': -6.0, 'C1': 0, 'C2': 0, 'C3': -2.0, 'D0': 0, 'D1': -8.0, 'D2': 0, 'D3': 0}, {'A0': 0, 'A1': 0, 'A2': 1, 'A3': 1, 'B0': 0, 'B1': 0, 'B2': 0, 'B3': 0, 'C0': 1, 'C1': 0, 'C2': 0, 'C3': 1, 'D0': 0, 'D1': 1, 'D2': 0, 'D3': 0}, {'A0': 0, 'A1': 0, 'A2': 1, 'A3': 1, 'B0': 0, 'B1': 0, 'B2': 0, 'B3': 0, 'C0': 1, 'C1': 0, 'C2': 0, 'C3': 1, 'D0': 0, 'D1': 1, 'D2': 0, 'D3': 0}, 
3560.0, {'A0': 0, 'A1': 0, 'A2': 0, 'A3': 0, 'B0': 0, 'B1': 0, 'B2': 0, 'B3': 0, 'C0': 0, 'C1': 0, 'C2': 0, 'C3': 0, 'D0': 0, 'D1': -9.0, 'D2': 0, 'D3': 0}, {'A0': 0, 'A1': 0, 'A2': 0, 'A3': 0, 'B0': 0, 'B1': 0, 'B2': 0, 'B3': 0, 'C0': 0, 'C1': 0, 'C2': 0, 'C3': 0, 'D0': 0, 'D1': 2, 'D2': 0, 'D3': 0}, {'A0': 0, 'A1': 0, 'A2': 0, 'A3': 0, 'B0': 0, 'B1': 0, 'B2': 0, 'B3': 0, 'C0': 0, 'C1': 0, 'C2': 0, 'C3': 0, 'D0': 0, 'D1': 2, 'D2': 0, 'D3': 0}, 
3570.0, {'A0': 0, 'A1': 0, 'A2': 0, 'A3': 0, 'B0': 0, 'B1': 0, 'B2': 0, 'B3': 0, 'C0': -2.0, 'C1': 0, 'C2': 0, 'C3': -10.0, 'D0': 0, 'D1': 0, 'D2': 0, 'D3': 0}, {'A0': 0, 'A1': 0, 'A2': 0, 'A3': 0, 'B0': 0, 'B1': 0, 'B2': 0, 'B3': 0, 'C0': 1, 'C1': 0, 'C2': 0, 'C3': 1, 'D0': 0, 'D1': 0, 'D2': 0, 'D3': 0}, {'A0': 0, 'A1': 0, 'A2': 0, 'A3': 0, 'B0': 0, 'B1': 0, 'B2': 0, 'B3': 0, 'C0': 1, 'C1': 0, 'C2': 0, 'C3': 1, 'D0': 0, 'D1': 0, 'D2': 0, 'D3': 0}, 
3580.0, {'A0': 0, 'A1': 0, 'A2': 0, 'A3': 0, 'B0': 0, 'B1': 0, 'B2': 0, 'B3': 0, 'C0': 0, 'C1': 0, 'C2': -10.0, 'C3': 0, 'D0': -9.0, 'D1': 0, 'D2': 0, 'D3': -10.0}, {'A0': 0, 'A1': 0, 'A2': 0, 'A3': 0, 'B0': 0, 'B1': 0, 'B2': 0, 'B3': 0, 'C0': 0, 'C1': 0, 'C2': 2, 'C3': 0, 'D0': 1, 'D1': 0, 'D2': 0, 'D3': 1}, {'A0': 0, 'A1': 0, 'A2': 0, 'A3': 0, 'B0': 0, 'B1': 0, 'B2': 0, 'B3': 0, 'C0': 0, 'C1': 0, 'C2': 2, 'C3': 0, 'D0': 1, 'D1': 0, 'D2': 0, 'D3': 1}, 
3590.0, {'A0': 0, 'A1': 0, 'A2': 0, 'A3': 0, 'B0': 0, 'B1': 0, 'B2': 0, 'B3': 0, 'C0': 0, 'C1': 0, 'C2': -1.0, 'C3': 0, 'D0': 0, 'D1': 0, 'D2': 0, 'D3': 0}, {'A0': 0, 'A1': 0, 'A2': 0, 'A3': 0, 'B0': 0, 'B1': 0, 'B2': 0, 'B3': 0, 'C0': 0, 'C1': 0, 'C2': 1, 'C3': 0, 'D0': 0, 'D1': 0, 'D2': 0, 'D3': 0}, {'A0': 0, 'A1': 0, 'A2': 0, 'A3': 0, 'B0': 0, 'B1': 0, 'B2': 0, 'B3': 0, 'C0': 0, 'C1': 0, 'C2': 1, 'C3': 0, 'D0': 0, 'D1': 0, 'D2': 0, 'D3': 0}, 
3600.0, {'A0': 0, 'A1': 0, 'A2': 0, 'A3': 0, 'B0': 0, 'B1': 0, 'B2': 0, 'B3': 0, 'C0': 0, 'C1': 0, 'C2': 0, 'C3': 0, 'D0': 0, 'D1': 0, 'D2': 0, 'D3': 0}, {'A0': 0, 'A1': 0, 'A2': 0, 'A3': 0, 'B0': 0, 'B1': 0, 'B2': 0, 'B3': 0, 'C0': 0, 'C1': 0, 'C2': 0, 'C3': 0, 'D0': 0, 'D1': 0, 'D2': 0, 'D3': 0}, {'A0': 0, 'A1': 0, 'A2': 0, 'A3': 0, 'B0': 0, 'B1': 0, 'B2': 0, 'B3': 0, 'C0': 0, 'C1': 0, 'C2': 0, 'C3': 0, 'D0': 0, 'D1': 0, 'D2': 0, 'D3': 0}, 
